   0.0000000e+00   0.0000000e+00
   0.0000000e+00   0.0000000e+00
   0.0000000e+00   0.0000000e+00
   0.0000000e+00   0.0000000e+00
   0.0000000e+00   0.0000000e+00
   0.0000000e+00   0.0000000e+00
   0.0000000e+00   0.0000000e+00
   0.0000000e+00   0.0000000e+00
   0.0000000e+00   0.0000000e+00
   0.0000000e+00   0.0000000e+00
   0.0000000e+00   0.0000000e+00
   0.0000000e+00   0.0000000e+00
   0.0000000e+00   0.0000000e+00
   0.0000000e+00   0.0000000e+00
   0.0000000e+00   0.0000000e+00
   0.0000000e+00   0.0000000e+00
   0.0000000e+00   0.0000000e+00
   0.0000000e+00   0.0000000e+00
   0.0000000e+00   0.0000000e+00
   0.0000000e+00   0.0000000e+00
   0.0000000e+00   0.0000000e+00
   0.0000000e+00   0.0000000e+00
   0.0000000e+00   0.0000000e+00
   0.0000000e+00   0.0000000e+00
   0.0000000e+00   0.0000000e+00
   0.0000000e+00   0.0000000e+00
   0.0000000e+00   0.0000000e+00
   0.0000000e+00   0.0000000e+00
   0.0000000e+00   0.0000000e+00
   0.0000000e+00   0.0000000e+00
   0.0000000e+00   0.0000000e+00
   0.0000000e+00   0.0000000e+00
   0.0000000e+00   0.0000000e+00
   0.0000000e+00   0.0000000e+00
   0.0000000e+00   0.0000000e+00
   0.0000000e+00   0.0000000e+00
   0.0000000e+00   0.0000000e+00
   0.0000000e+00   0.0000000e+00
   0.0000000e+00   0.0000000e+00
   0.0000000e+00   0.0000000e+00
   0.0000000e+00   0.0000000e+00
   0.0000000e+00   0.0000000e+00
   0.0000000e+00   0.0000000e+00
   0.0000000e+00   0.0000000e+00
   0.0000000e+00   0.0000000e+00
   0.0000000e+00   0.0000000e+00
   0.0000000e+00   0.0000000e+00
   0.0000000e+00   0.0000000e+00
   0.0000000e+00   0.0000000e+00
   0.0000000e+00   0.0000000e+00
   1.0159581e-01   0.0000000e+00
   1.0159581e-01   0.0000000e+00
   1.0159581e-01   0.0000000e+00
   1.0159581e-01   0.0000000e+00
   1.0159581e-01   0.0000000e+00
   1.0159581e-01   8.3193553e-03
   1.0159581e-01   2.7244877e-02
   1.0159581e-01   5.0597815e-02
   1.0159581e-01   7.4912475e-02
   1.0159581e-01   9.8371142e-02
   1.0159581e-01   1.2011010e-01
   1.0159581e-01   1.3979734e-01
   1.0159581e-01   1.5738539e-01
   1.0159581e-01   1.7297045e-01
   1.0159581e-01   1.8671381e-01
   1.0159581e-01   1.9879924e-01
   1.0159581e-01   2.0941073e-01
   1.0159581e-01   2.1872147e-01
   1.0159581e-01   2.2688929e-01
   1.0159581e-01   2.3405523e-01
   1.0159581e-01   2.4034396e-01
   1.0159581e-01   2.4586495e-01
   1.0159581e-01   2.5071398e-01
   1.0159581e-01   2.5497467e-01
   1.0159581e-01   2.5871999e-01
   1.0159581e-01   2.6201359e-01
   1.0159581e-01   2.6491104e-01
   1.0159581e-01   2.6746086e-01
   1.0159581e-01   2.6970545e-01
   1.0159581e-01   2.7168190e-01
   1.0159581e-01   2.7342269e-01
   1.0159581e-01   2.7495626e-01
   1.0159581e-01   2.7630755e-01
   1.0159581e-01   2.7749843e-01
   1.0159581e-01   2.7854811e-01
   1.0159581e-01   2.7947347e-01
   1.0159581e-01   2.8028934e-01
   1.0159581e-01   2.8100873e-01
   1.0159581e-01   2.8164314e-01
   1.0159581e-01   2.8220263e-01
   1.0159581e-01   2.8269611e-01
   1.0159581e-01   2.8313138e-01
   1.0159581e-01   2.8351533e-01
   1.0159581e-01   2.8385404e-01
   1.0159581e-01   2.8415284e-01
   1.0159581e-01   2.8441645e-01
   1.0159581e-01   2.8464903e-01
   1.0159581e-01   2.8485423e-01
   1.0159581e-01   2.8503528e-01
   1.0159581e-01   2.8519502e-01
   4.1629565e-01   2.8533598e-01
   4.1629565e-01   2.8546035e-01
   4.1629565e-01   2.8557010e-01
   4.1629565e-01   2.8566694e-01
   4.1629565e-01   2.8575239e-01
   4.1629565e-01   2.9543385e-01
   4.1629565e-01   3.1722125e-01
   4.1629565e-01   3.4382976e-01
   4.1629565e-01   3.7122632e-01
   4.1629565e-01   3.9736296e-01
   4.1629565e-01   4.2132382e-01
   4.1629565e-01   4.4280639e-01
   4.1629565e-01   4.6182286e-01
   4.1629565e-01   4.7853434e-01
   4.1629565e-01   4.9316171e-01
   4.1629565e-01   5.0593937e-01
   4.1629565e-01   5.1709260e-01
   4.1629565e-01   5.2682759e-01
   4.1629565e-01   5.3532807e-01
   4.1629565e-01   5.4275533e-01
   4.1629565e-01   5.4924982e-01
   4.1629565e-01   5.5493322e-01
   4.1629565e-01   5.5991079e-01
   4.1629565e-01   5.6427353e-01
   4.1629565e-01   5.6810010e-01
   4.1629565e-01   5.7145862e-01
   4.1629565e-01   5.7440810e-01
   4.1629565e-01   5.7699978e-01
   4.1629565e-01   5.7927817e-01
   4.1629565e-01   5.8128203e-01
   4.1629565e-01   5.8304511e-01
   4.1629565e-01   5.8459689e-01
   4.1629565e-01   5.8596311e-01
   4.1629565e-01   5.8716630e-01
   4.1629565e-01   5.8822616e-01
   4.1629565e-01   5.8915997e-01
   4.1629565e-01   5.8998287e-01
   4.1629565e-01   5.9070817e-01
   4.1629565e-01   5.9134752e-01
   4.1629565e-01   5.9191120e-01
   4.1629565e-01   5.9240821e-01
   4.1629565e-01   5.9284648e-01
   4.1629565e-01   5.9323300e-01
   4.1629565e-01   5.9357389e-01
   4.1629565e-01   5.9387457e-01
   4.1629565e-01   5.9413980e-01
   4.1629565e-01   5.9437377e-01
   4.1629565e-01   5.9458017e-01
   4.1629565e-01   5.9476225e-01
   4.1629565e-01   5.9492290e-01
  -4.1819052e-01   5.9506464e-01
  -4.1819052e-01   5.9518970e-01
  -4.1819052e-01   5.9530003e-01
  -4.1819052e-01   5.9539739e-01
  -4.1819052e-01   5.9548330e-01
  -4.1819052e-01   5.7398980e-01
  -4.1819052e-01   5.2146232e-01
  -4.1819052e-01   4.4914287e-01
  -4.1819052e-01   3.6378189e-01
  -4.1819052e-01   2.7016192e-01
  -4.1819052e-01   1.7197596e-01
  -4.1819052e-01   7.2153829e-02
  -4.1819052e-01  -2.6995521e-02
  -4.1819052e-01  -1.2369736e-01
  -4.1819052e-01  -2.1663820e-01
  -4.1819052e-01  -3.0489572e-01
  -4.1819052e-01  -3.8787143e-01
  -4.1819052e-01  -4.6522814e-01
  -4.1819052e-01  -5.3683404e-01
  -4.1819052e-01  -6.0271446e-01
  -4.1819052e-01  -6.6301110e-01
  -4.1819052e-01  -7.1794871e-01
  -4.1819052e-01  -7.6780812e-01
  -4.1819052e-01  -8.1290498e-01
  -4.1819052e-01  -8.5357328e-01
  -4.1819052e-01  -8.9015279e-01
  -4.1819052e-01  -9.2297986e-01
  -4.1819052e-01  -9.5238069e-01
  -4.1819052e-01  -9.7866675e-01
  -4.1819052e-01  -1.0021318e+00
  -4.1819052e-01  -1.0230503e+00
  -4.1819052e-01  -1.0416762e+00
  -4.1819052e-01  -1.0582435e+00
  -4.1819052e-01  -1.0729659e+00
  -4.1819052e-01  -1.0860382e+00
  -4.1819052e-01  -1.0976371e+00
  -4.1819052e-01  -1.1079219e+00
  -4.1819052e-01  -1.1170366e+00
  -4.1819052e-01  -1.1251102e+00
  -4.1819052e-01  -1.1322585e+00
  -4.1819052e-01  -1.1385851e+00
  -4.1819052e-01  -1.1441827e+00
  -4.1819052e-01  -1.1491336e+00
  -4.1819052e-01  -1.1535115e+00
  -4.1819052e-01  -1.1573817e+00
  -4.1819052e-01  -1.1608025e+00
  -4.1819052e-01  -1.1638255e+00
  -4.1819052e-01  -1.1664965e+00
  -4.1819052e-01  -1.1688562e+00
  -4.1819052e-01  -1.1709405e+00
   2.1655210e-02  -1.1727815e+00
   2.1655210e-02  -1.1744073e+00
   2.1655210e-02  -1.1758430e+00
   2.1655210e-02  -1.1771108e+00
   2.1655210e-02  -1.1782301e+00
   2.1655210e-02  -1.1342233e+00
   2.1655210e-02  -1.0347083e+00
   2.1655210e-02  -9.1537758e-01
   2.1655210e-02  -7.9539063e-01
   2.1655210e-02  -6.8374917e-01
   2.1655210e-02  -5.8387472e-01
   2.1655210e-02  -4.9636760e-01
   2.1655210e-02  -4.2052848e-01
   2.1655210e-02  -3.5514934e-01
   2.1655210e-02  -2.9890301e-01
   2.1655210e-02  -2.5052134e-01
   2.1655210e-02  -2.0886625e-01
   2.1655210e-02  -1.7294843e-01
   2.1655210e-02  -1.4192226e-01
   2.1655210e-02  -1.1507104e-01
   2.1655210e-02  -9.1789576e-02
   2.1655210e-02  -7.1567248e-02
   2.1655210e-02  -5.3972775e-02
   2.1655210e-02  -3.8641163e-02
   2.1655210e-02  -2.5262704e-02
   2.1655210e-02  -1.3573836e-02
   2.1655210e-02  -3.3495933e-03
   2.1655210e-02   5.6026158e-03
   2.1655210e-02   1.3448139e-02
   2.1655210e-02   2.0329317e-02
   2.1655210e-02   2.6368996e-02
   2.1655210e-02   3.1673439e-02
   2.1655210e-02   3.6334762e-02
   2.1655210e-02   4.0432972e-02
   2.1655210e-02   4.4037677e-02
   2.1655210e-02   4.7209535e-02
   2.1655210e-02   5.0001479e-02
   2.1655210e-02   5.2459757e-02
   2.1655210e-02   5.4624826e-02
   2.1655210e-02   5.6532107e-02
   2.1655210e-02   5.8212646e-02
   2.1655210e-02   5.9693670e-02
   2.1655210e-02   6.0999078e-02
   2.1655210e-02   6.2149859e-02
   2.1655210e-02   6.3164458e-02
   2.1655210e-02   6.4059090e-02
   2.1655210e-02   6.4848018e-02
   2.1655210e-02   6.5543791e-02
   2.1655210e-02   6.6157457e-02
   2.1655210e-02   6.6698741e-02
   7.8589391e-01   6.7176210e-02
   7.8589391e-01   6.7597409e-02
   7.8589391e-01   6.7968986e-02
   7.8589391e-01   6.8296803e-02
   7.8589391e-01   6.8586021e-02
   7.8589391e-01   8.8441828e-02
   7.8589391e-01   1.3247765e-01
   7.8589391e-01   1.8526517e-01
   7.8589391e-01   2.3848906e-01
   7.8589391e-01   2.8819440e-01
   7.8589391e-01   3.3283559e-01
   7.8589391e-01   3.7209932e-01
   7.8589391e-01   4.0625070e-01
   7.8589391e-01   4.3578963e-01
   7.8589391e-01   4.6127885e-01
   7.8589391e-01   4.8326343e-01
   7.8589391e-01   5.0223730e-01
   7.8589391e-01   5.1863312e-01
   7.8589391e-01   5.3282312e-01
   7.8589391e-01   5.4512454e-01
   7.8589391e-01   5.5580656e-01
   7.8589391e-01   5.6509733e-01
   7.8589391e-01   5.7319027e-01
   7.8589391e-01   5.8024969e-01
   7.8589391e-01   5.8641544e-01
   7.8589391e-01   5.9180686e-01
   7.8589391e-01   5.9652610e-01
   7.8589391e-01   6.0066082e-01
   7.8589391e-01   6.0428641e-01
   7.8589391e-01   6.0746792e-01
   7.8589391e-01   6.1026158e-01
   7.8589391e-01   6.1271609e-01
   7.8589391e-01   6.1487375e-01
   7.8589391e-01   6.1677131e-01
   7.8589391e-01   6.1844081e-01
   7.8589391e-01   6.1991018e-01
   7.8589391e-01   6.2120382e-01
   7.8589391e-01   6.2234306e-01
   7.8589391e-01   6.2334658e-01
   7.8589391e-01   6.2423074e-01
   7.8589391e-01   6.2500988e-01
   7.8589391e-01   6.2569660e-01
   7.8589391e-01   6.2630195e-01
   7.8589391e-01   6.2683564e-01
   7.8589391e-01   6.2730621e-01
   7.8589391e-01   6.2772117e-01
   7.8589391e-01   6.2808712e-01
   7.8589391e-01   6.2840987e-01
   7.8589391e-01   6.2869455e-01
   7.8589391e-01   6.2894567e-01
   7.9258618e-01   6.2916718e-01
   7.9258618e-01   6.2936260e-01
   7.9258618e-01   6.2953500e-01
   7.9258618e-01   6.2968709e-01
   7.9258618e-01   6.2982129e-01
   7.9258618e-01   6.2994261e-01
   7.9258618e-01   6.3005382e-01
   7.9258618e-01   6.3015445e-01
   7.9258618e-01   6.3024477e-01
   7.9258618e-01   6.3032539e-01
   7.9258618e-01   6.3039710e-01
   7.9258618e-01   6.3046070e-01
   7.9258618e-01   6.3051704e-01
   7.9258618e-01   6.3056688e-01
   7.9258618e-01   6.3061093e-01
   7.9258618e-01   6.3064985e-01
   7.9258618e-01   6.3068423e-01
   7.9258618e-01   6.3071457e-01
   7.9258618e-01   6.3074137e-01
   7.9258618e-01   6.3076502e-01
   7.9258618e-01   6.3078589e-01
   7.9258618e-01   6.3080431e-01
   7.9258618e-01   6.3082057e-01
   7.9258618e-01   6.3083492e-01
   7.9258618e-01   6.3084758e-01
   7.9258618e-01   6.3085876e-01
   7.9258618e-01   6.3086862e-01
   7.9258618e-01   6.3087732e-01
   7.9258618e-01   6.3088501e-01
   7.9258618e-01   6.3089178e-01
   7.9258618e-01   6.3089777e-01
   7.9258618e-01   6.3090304e-01
   7.9258618e-01   6.3090770e-01
   7.9258618e-01   6.3091181e-01
   7.9258618e-01   6.3091544e-01
   7.9258618e-01   6.3091864e-01
   7.9258618e-01   6.3092147e-01
   7.9258618e-01   6.3092396e-01
   7.9258618e-01   6.3092616e-01
   7.9258618e-01   6.3092810e-01
   7.9258618e-01   6.3092982e-01
   7.9258618e-01   6.3093133e-01
   7.9258618e-01   6.3093267e-01
   7.9258618e-01   6.3093384e-01
   7.9258618e-01   6.3093488e-01
   7.9258618e-01   6.3093580e-01
   7.9258618e-01   6.3093661e-01
   7.9258618e-01   6.3093732e-01
   7.9258618e-01   6.3093795e-01
   7.9258618e-01   6.3093851e-01
  -7.4882938e-01   6.3093900e-01
  -7.4882938e-01   6.3093944e-01
  -7.4882938e-01   6.3093982e-01
  -7.4882938e-01   6.3094015e-01
  -7.4882938e-01   6.3094045e-01
  -7.4882938e-01   6.0888129e-01
  -7.4882938e-01   5.5481725e-01
  -7.4882938e-01   4.7982692e-01
  -7.4882938e-01   3.9053157e-01
  -7.4882938e-01   2.9170577e-01
  -7.4882938e-01   1.8714761e-01
  -7.4882938e-01   7.9971546e-02
  -7.4882938e-01  -2.7286003e-02
  -7.4882938e-01  -1.3261085e-01
  -7.4882938e-01  -2.3446033e-01
  -7.4882938e-01  -3.3170725e-01
  -7.4882938e-01  -4.2357972e-01
  -7.4882938e-01  -5.0960084e-01
  -7.4882938e-01  -5.8953181e-01
  -7.4882938e-01  -6.6332064e-01
  -7.4882938e-01  -7.3105755e-01
  -7.4882938e-01  -7.9293738e-01
  -7.4882938e-01  -8.4922847e-01
  -7.4882938e-01  -9.0024765e-01
  -7.4882938e-01  -9.4634045e-01
  -7.4882938e-01  -9.8786571e-01
  -7.4882938e-01  -1.0251840e+00
  -7.4882938e-01  -1.0586492e+00
  -7.4882938e-01  -1.0886021e+00
  -7.4882938e-01  -1.1153665e+00
  -7.4882938e-01  -1.1392468e+00
  -7.4882938e-01  -1.1605261e+00
  -7.4882938e-01  -1.1794662e+00
  -7.4882938e-01  -1.1963071e+00
  -7.4882938e-01  -1.2112683e+00
  -7.4882938e-01  -1.2245492e+00
  -7.4882938e-01  -1.2363304e+00
  -7.4882938e-01  -1.2467749e+00
  -7.4882938e-01  -1.2560293e+00
  -7.4882938e-01  -1.2642254e+00
  -7.4882938e-01  -1.2714812e+00
  -7.4882938e-01  -1.2779022e+00
  -7.4882938e-01  -1.2835826e+00
  -7.4882938e-01  -1.2886064e+00
  -7.4882938e-01  -1.2930483e+00
  -7.4882938e-01  -1.2969748e+00
  -7.4882938e-01  -1.3004451e+00
  -7.4882938e-01  -1.3035117e+00
  -7.4882938e-01  -1.3062211e+00
  -7.4882938e-01  -1.3086145e+00
  -5.8551424e-01  -1.3107287e+00
  -5.8551424e-01  -1.3125959e+00
  -5.8551424e-01  -1.3142448e+00
  -5.8551424e-01  -1.3157009e+00
  -5.8551424e-01  -1.3169866e+00
  -5.8551424e-01  -1.3172924e+00
  -5.8551424e-01  -1.3163862e+00
  -5.8551424e-01  -1.3148737e+00
  -5.8551424e-01  -1.3131077e+00
  -5.8551424e-01  -1.3112883e+00
  -5.8551424e-01  -1.3095251e+00
  -5.8551424e-01  -1.3078740e+00
  -5.8551424e-01  -1.3063594e+00
  -5.8551424e-01  -1.3049881e+00
  -5.8551424e-01  -1.3037572e+00
  -5.8551424e-01  -1.3026585e+00
  -5.8551424e-01  -1.3016814e+00
  -5.8551424e-01  -1.3008146e+00
  -5.8551424e-01  -1.3000470e+00
  -5.8551424e-01  -1.2993681e+00
  -5.8551424e-01  -1.2987680e+00
  -5.8551424e-01  -1.2982379e+00
  -5.8551424e-01  -1.2977698e+00
  -5.8551424e-01  -1.2973565e+00
  -5.8551424e-01  -1.2969917e+00
  -5.8551424e-01  -1.2966697e+00
  -5.8551424e-01  -1.2963855e+00
  -5.8551424e-01  -1.2961348e+00
  -5.8551424e-01  -1.2959135e+00
  -5.8551424e-01  -1.2957182e+00
  -5.8551424e-01  -1.2955458e+00
  -5.8551424e-01  -1.2953937e+00
  -5.8551424e-01  -1.2952595e+00
  -5.8551424e-01  -1.2951410e+00
  -5.8551424e-01  -1.2950365e+00
  -5.8551424e-01  -1.2949443e+00
  -5.8551424e-01  -1.2948629e+00
  -5.8551424e-01  -1.2947911e+00
  -5.8551424e-01  -1.2947277e+00
  -5.8551424e-01  -1.2946717e+00
  -5.8551424e-01  -1.2946224e+00
  -5.8551424e-01  -1.2945788e+00
  -5.8551424e-01  -1.2945404e+00
  -5.8551424e-01  -1.2945064e+00
  -5.8551424e-01  -1.2944765e+00
  -5.8551424e-01  -1.2944501e+00
  -5.8551424e-01  -1.2944268e+00
  -5.8551424e-01  -1.2944062e+00
  -5.8551424e-01  -1.2943880e+00
  -5.8551424e-01  -1.2943720e+00
  -8.9706559e-01  -1.2943578e+00
  -8.9706559e-01  -1.2943454e+00
  -8.9706559e-01  -1.2943344e+00
  -8.9706559e-01  -1.2943246e+00
  -8.9706559e-01  -1.2943161e+00
  -8.9706559e-01  -1.2953623e+00
  -8.9706559e-01  -1.2977822e+00
  -8.9706559e-01  -1.3008285e+00
  -8.9706559e-01  -1.3040719e+00
  -8.9706559e-01  -1.3072729e+00
  -8.9706559e-01  -1.3103047e+00
  -8.9706559e-01  -1.3131070e+00
  -8.9706559e-01  -1.3156576e+00
  -8.9706559e-01  -1.3179562e+00
  -8.9706559e-01  -1.3200142e+00
  -8.9706559e-01  -1.3218485e+00
  -8.9706559e-01  -1.3234786e+00
  -8.9706559e-01  -1.3249242e+00
  -8.9706559e-01  -1.3262044e+00
  -8.9706559e-01  -1.3273369e+00
  -8.9706559e-01  -1.3283382e+00
  -8.9706559e-01  -1.3292231e+00
  -8.9706559e-01  -1.3300047e+00
  -8.9706559e-01  -1.3306950e+00
  -8.9706559e-01  -1.3313045e+00
  -8.9706559e-01  -1.3318426e+00
  -8.9706559e-01  -1.3323177e+00
  -8.9706559e-01  -1.3327371e+00
  -8.9706559e-01  -1.3331073e+00
  -8.9706559e-01  -1.3334340e+00
  -8.9706559e-01  -1.3337224e+00
  -8.9706559e-01  -1.3339769e+00
  -8.9706559e-01  -1.3342016e+00
  -8.9706559e-01  -1.3343999e+00
  -8.9706559e-01  -1.3345748e+00
  -8.9706559e-01  -1.3347293e+00
  -8.9706559e-01  -1.3348656e+00
  -8.9706559e-01  -1.3349859e+00
  -8.9706559e-01  -1.3350921e+00
  -8.9706559e-01  -1.3351857e+00
  -8.9706559e-01  -1.3352684e+00
  -8.9706559e-01  -1.3353414e+00
  -8.9706559e-01  -1.3354058e+00
  -8.9706559e-01  -1.3354626e+00
  -8.9706559e-01  -1.3355128e+00
  -8.9706559e-01  -1.3355571e+00
  -8.9706559e-01  -1.3355961e+00
  -8.9706559e-01  -1.3356306e+00
  -8.9706559e-01  -1.3356610e+00
  -8.9706559e-01  -1.3356879e+00
  -1.1838031e-01  -1.3357116e+00
  -1.1838031e-01  -1.3357325e+00
  -1.1838031e-01  -1.3357509e+00
  -1.1838031e-01  -1.3357672e+00
  -1.1838031e-01  -1.3357816e+00
  -1.1838031e-01  -1.3077718e+00
  -1.1838031e-01  -1.2444698e+00
  -1.1838031e-01  -1.1671920e+00
  -1.1838031e-01  -1.0877205e+00
  -1.1838031e-01  -1.0120118e+00
  -1.1838031e-01  -9.4270655e-01
  -1.1838031e-01  -8.8065656e-01
  -1.1838031e-01  -8.2580121e-01
  -1.1838031e-01  -7.7765230e-01
  -1.1838031e-01  -7.3555346e-01
  -1.1838031e-01  -6.9881372e-01
  -1.1838031e-01  -6.6677233e-01
  -1.1838031e-01  -6.3882676e-01
  -1.1838031e-01  -6.1444161e-01
  -1.1838031e-01  -5.9314797e-01
  -1.1838031e-01  -5.7453850e-01
  -1.1838031e-01  -5.5826081e-01
  -1.1838031e-01  -5.4401060e-01
  -1.1838031e-01  -5.3152520e-01
  -1.1838031e-01  -5.2057776e-01
  -1.1838031e-01  -5.1097213e-01
  -1.1838031e-01  -5.0253850e-01
  -1.1838031e-01  -4.9512963e-01
  -1.1838031e-01  -4.8861764e-01
  -1.1838031e-01  -4.8289133e-01
  -1.1838031e-01  -4.7785382e-01
  -1.1838031e-01  -4.7342066e-01
  -1.1838031e-01  -4.6951806e-01
  -1.1838031e-01  -4.6608154e-01
  -1.1838031e-01  -4.6305467e-01
  -1.1838031e-01  -4.6038801e-01
  -1.1838031e-01  -4.5803823e-01
  -1.1838031e-01  -4.5596731e-01
  -1.1838031e-01  -4.5414186e-01
  -1.1838031e-01  -4.5253258e-01
  -1.1838031e-01  -4.5111368e-01
  -1.1838031e-01  -4.4986252e-01
  -1.1838031e-01  -4.4875916e-01
  -1.1838031e-01  -4.4778605e-01
  -1.1838031e-01  -4.4692776e-01
  -1.1838031e-01  -4.4617069e-01
  -1.1838031e-01  -4.4550287e-01
  -1.1838031e-01  -4.4491374e-01
  -1.1838031e-01  -4.4439401e-01
  -1.1838031e-01  -4.4393548e-01
  -9.4024758e-01  -4.4353094e-01
  -9.4024758e-01  -4.4317401e-01
  -9.4024758e-01  -4.4285909e-01
  -9.4024758e-01  -4.4258122e-01
  -9.4024758e-01  -4.4233604e-01
  -9.4024758e-01  -4.6049015e-01
  -9.4024758e-01  -5.0334930e-01
  -9.4024758e-01  -5.5884641e-01
  -9.4024758e-01  -6.1985794e-01
  -9.4024758e-01  -6.8207215e-01
  -9.4024758e-01  -7.4288583e-01
  -9.4024758e-01  -8.0077431e-01
  -9.4024758e-01  -8.5490591e-01
  -9.4024758e-01  -9.0489516e-01
  -9.4024758e-01  -9.5064141e-01
  -9.4024758e-01  -9.9222192e-01
  -9.4024758e-01  -1.0298211e+00
  -9.4024758e-01  -1.0636836e+00
  -9.4024758e-01  -1.0940840e+00
  -9.4024758e-01  -1.1213063e+00
  -9.4024758e-01  -1.1456319e+00
  -9.4024758e-01  -1.1673316e+00
  -9.4024758e-01  -1.1866610e+00
  -9.4024758e-01  -1.2038578e+00
  -9.4024758e-01  -1.2191417e+00
  -9.4024758e-01  -1.2327133e+00
  -9.4024758e-01  -1.2447552e+00
  -9.4024758e-01  -1.2554327e+00
  -9.4024758e-01  -1.2648950e+00
  -9.4024758e-01  -1.2732762e+00
  -9.4024758e-01  -1.2806965e+00
  -9.4024758e-01  -1.2872635e+00
  -9.4024758e-01  -1.2930735e+00
  -9.4024758e-01  -1.2982121e+00
  -9.4024758e-01  -1.3027557e+00
  -9.4024758e-01  -1.3067723e+00
  -9.4024758e-01  -1.3103224e+00
  -9.4024758e-01  -1.3134595e+00
  -9.4024758e-01  -1.3162313e+00
  -9.4024758e-01  -1.3186799e+00
  -9.4024758e-01  -1.3208428e+00
  -9.4024758e-01  -1.3227531e+00
  -9.4024758e-01  -1.3244401e+00
  -9.4024758e-01  -1.3259298e+00
  -9.4024758e-01  -1.3272453e+00
  -9.4024758e-01  -1.3284067e+00
  -9.4024758e-01  -1.3294321e+00
  -9.4024758e-01  -1.3303374e+00
  -9.4024758e-01  -1.3311365e+00
  -9.4024758e-01  -1.3318420e+00
  -8.6333551e-02  -1.3324648e+00
  -8.6333551e-02  -1.3330145e+00
  -8.6333551e-02  -1.3334997e+00
  -8.6333551e-02  -1.3339280e+00
  -8.6333551e-02  -1.3343060e+00
  -8.6333551e-02  -1.3016148e+00
  -8.6333551e-02  -1.2275276e+00
  -8.6333551e-02  -1.1374437e+00
  -8.6333551e-02  -1.0453049e+00
  -8.6333551e-02  -9.5803666e-01
  -8.6333551e-02  -8.7860389e-01
  -8.6333551e-02  -8.0786790e-01
  -8.6333551e-02  -7.4564258e-01
  -8.6333551e-02  -6.9126969e-01
  -8.6333551e-02  -6.4392077e-01
  -8.6333551e-02  -6.0274835e-01
  -8.6333551e-02  -5.6695650e-01
  -8.6333551e-02  -5.3582894e-01
  -8.6333551e-02  -5.0873589e-01
  -8.6333551e-02  -4.8513062e-01
  -8.6333551e-02  -4.6454175e-01
  -8.6333551e-02  -4.4656418e-01
  -8.6333551e-02  -4.3085016e-01
  -8.6333551e-02  -4.1710103e-01
  -8.6333551e-02  -4.0506006e-01
  -8.6333551e-02  -3.9450618e-01
  -8.6333551e-02  -3.8524870e-01
  -8.6333551e-02  -3.7712282e-01
  -8.6333551e-02  -3.6998585e-01
  -8.6333551e-02  -3.6371402e-01
  -8.6333551e-02  -3.5819976e-01
  -8.6333551e-02  -3.5334948e-01
  -8.6333551e-02  -3.4908159e-01
  -8.6333551e-02  -3.4532487e-01
  -8.6333551e-02  -3.4201711e-01
  -8.6333551e-02  -3.3910388e-01
  -8.6333551e-02  -3.3653752e-01
  -8.6333551e-02  -3.3427626e-01
  -8.6333551e-02  -3.3228346e-01
  -8.6333551e-02  -3.3052696e-01
  -8.6333551e-02  -3.2897852e-01
  -8.6333551e-02  -3.2761332e-01
  -8.6333551e-02  -3.2640955e-01
  -8.6333551e-02  -3.2534801e-01
  -8.6333551e-02  -3.2441181e-01
  -8.6333551e-02  -3.2358609e-01
  -8.6333551e-02  -3.2285777e-01
  -8.6333551e-02  -3.2221531e-01
  -8.6333551e-02  -3.2164857e-01
  -8.6333551e-02  -3.2114859e-01
   2.9828810e-01  -3.2070750e-01
   2.9828810e-01  -3.2031834e-01
   2.9828810e-01  -3.1997500e-01
   2.9828810e-01  -3.1967205e-01
   2.9828810e-01  -3.1940476e-01
   2.9828810e-01  -2.8695774e-01
   2.9828810e-01  -2.1521198e-01
   2.9828810e-01  -1.3002388e-01
   2.9828810e-01  -4.5110956e-02
   2.9828810e-01   3.3251968e-02
   2.9828810e-01   1.0282392e-01
   2.9828810e-01   1.6335726e-01
   2.9828810e-01   2.1548898e-01
   2.9828810e-01   2.6017640e-01
   2.9828810e-01   2.9842728e-01
   2.9828810e-01   3.3118190e-01
   2.9828810e-01   3.5927020e-01
   2.9828810e-01   3.8340432e-01
   2.9828810e-01   4.0418652e-01
   2.9828810e-01   4.2212259e-01
   2.9828810e-01   4.3763622e-01
   2.9828810e-01   4.5108239e-01
   2.9828810e-01   4.6275901e-01
   2.9828810e-01   4.7291681e-01
   2.9828810e-01   4.8176745e-01
   2.9828810e-01   4.8949022e-01
   2.9828810e-01   4.9623752e-01
   2.9828810e-01   5.0213936e-01
   2.9828810e-01   5.0730696e-01
   2.9828810e-01   5.1183578e-01
   2.9828810e-01   5.1580799e-01
   2.9828810e-01   5.1929449e-01
   2.9828810e-01   5.2235661e-01
   2.9828810e-01   5.2504752e-01
   2.9828810e-01   5.2741338e-01
   2.9828810e-01   5.2949438e-01
   2.9828810e-01   5.3132552e-01
   2.9828810e-01   5.3293734e-01
   2.9828810e-01   5.3435655e-01
   2.9828810e-01   5.3560650e-01
   2.9828810e-01   5.3670763e-01
   2.9828810e-01   5.3767786e-01
   2.9828810e-01   5.3853291e-01
   2.9828810e-01   5.3928658e-01
   2.9828810e-01   5.3995097e-01
   2.9828810e-01   5.4053675e-01
   2.9828810e-01   5.4105326e-01
   2.9828810e-01   5.4150875e-01
   2.9828810e-01   5.4191045e-01
   2.9828810e-01   5.4226476e-01
  -4.4302543e-01   5.4257727e-01
  -4.4302543e-01   5.4285294e-01
  -4.4302543e-01   5.4309612e-01
  -4.4302543e-01   5.4331065e-01
  -4.4302543e-01   5.4349992e-01
  -4.4302543e-01   5.2147872e-01
  -4.4302543e-01   4.6769434e-01
  -4.4302543e-01   3.9396725e-01
  -4.4302543e-01   3.0740711e-01
  -4.4302543e-01   2.1299507e-01
  -4.4302543e-01   1.1450803e-01
  -4.4302543e-01   1.4881771e-02
  -4.4302543e-01  -8.3617622e-02
  -4.4302543e-01  -1.7928497e-01
  -4.4302543e-01  -2.7088711e-01
  -4.4302543e-01  -3.5758227e-01
  -4.4302543e-01  -4.3884635e-01
  -4.4302543e-01  -5.1440702e-01
  -4.4302543e-01  -5.8418655e-01
  -4.4302543e-01  -6.4825348e-01
  -4.4302543e-01  -7.0678282e-01
  -4.4302543e-01  -7.6002378e-01
  -4.4302543e-01  -8.0827419e-01
  -4.4302543e-01  -8.5186056e-01
  -4.4302543e-01  -8.9112281e-01
  -4.4302543e-01  -9.2640283e-01
  -4.4302543e-01  -9.5803616e-01
  -4.4302543e-01  -9.8634608e-01
  -4.4302543e-01  -1.0116397e+00
  -4.4302543e-01  -1.0342053e+00
  -4.4302543e-01  -1.0543112e+00
  -4.4302543e-01  -1.0722054e+00
  -4.4302543e-01  -1.0881151e+00
  -4.4302543e-01  -1.1022482e+00
  -4.4302543e-01  -1.1147932e+00
  -4.4302543e-01  -1.1259209e+00
  -4.4302543e-01  -1.1357857e+00
  -4.4302543e-01  -1.1445260e+00
  -4.4302543e-01  -1.1522666e+00
  -4.4302543e-01  -1.1591189e+00
  -4.4302543e-01  -1.1651826e+00
  -4.4302543e-01  -1.1705468e+00
  -4.4302543e-01  -1.1752908e+00
  -4.4302543e-01  -1.1794852e+00
  -4.4302543e-01  -1.1831930e+00
  -4.4302543e-01  -1.1864699e+00
  -4.4302543e-01  -1.1893655e+00
  -4.4302543e-01  -1.1919238e+00
  -4.4302543e-01  -1.1941837e+00
  -4.4302543e-01  -1.1961799e+00
   3.5250980e-01  -1.1979429e+00
   3.5250980e-01  -1.1994999e+00
   3.5250980e-01  -1.2008747e+00
   3.5250980e-01  -1.2020887e+00
   3.5250980e-01  -1.2031605e+00
   3.5250980e-01  -1.1228140e+00
   3.5250980e-01  -9.4678217e-01
   3.5250980e-01  -7.4414545e-01
   3.5250980e-01  -5.4957451e-01
   3.5250980e-01  -3.7684273e-01
   3.5250980e-01  -2.2915912e-01
   3.5250980e-01  -1.0512269e-01
   3.5250980e-01  -1.7106358e-03
   3.5250980e-01   8.4367768e-02
   3.5250980e-01   1.5612905e-01
   3.5250980e-01   2.1614777e-01
   3.5250980e-01   2.6654823e-01
   3.5250980e-01   3.0905530e-01
   3.5250980e-01   3.4506042e-01
   3.5250980e-01   3.7568484e-01
   3.5250980e-01   4.0183389e-01
   3.5250980e-01   4.2424147e-01
   3.5250980e-01   4.4350543e-01
   3.5250980e-01   4.6011546e-01
   3.5250980e-01   4.7447498e-01
   3.5250980e-01   4.8691819e-01
   3.5250980e-01   4.9772349e-01
   3.5250980e-01   5.0712401e-01
   3.5250980e-01   5.1531595e-01
   3.5250980e-01   5.2246518e-01
   3.5250980e-01   5.2871254e-01
   3.5250980e-01   5.3417809e-01
   3.5250980e-01   5.3896453e-01
   3.5250980e-01   5.4316002e-01
   3.5250980e-01   5.4684044e-01
   3.5250980e-01   5.5007130e-01
   3.5250980e-01   5.5290926e-01
   3.5250980e-01   5.5540347e-01
   3.5250980e-01   5.5759662e-01
   3.5250980e-01   5.5952589e-01
   3.5250980e-01   5.6122365e-01
   3.5250980e-01   5.6271818e-01
   3.5250980e-01   5.6403421e-01
   3.5250980e-01   5.6519334e-01
   3.5250980e-01   5.6621452e-01
   3.5250980e-01   5.6711435e-01
   3.5250980e-01   5.6790739e-01
   3.5250980e-01   5.6860642e-01
   3.5250980e-01   5.6922267e-01
   3.5250980e-01   5.6976601e-01
   1.8172563e-01   5.7024512e-01
   1.8172563e-01   5.7066763e-01
   1.8172563e-01   5.7104026e-01
   1.8172563e-01   5.7136893e-01
   1.8172563e-01   5.7165883e-01
   1.8172563e-01   5.6860331e-01
   1.8172563e-01   5.6114678e-01
   1.8172563e-01   5.5156621e-01
   1.8172563e-01   5.4118669e-01
   1.8172563e-01   5.3077593e-01
   1.8172563e-01   5.2076653e-01
   1.8172563e-01   5.1138746e-01
   1.8172563e-01   5.0274401e-01
   1.8172563e-01   4.9486729e-01
   1.8172563e-01   4.8774490e-01
   1.8172563e-01   4.8134011e-01
   1.8172563e-01   4.7560366e-01
   1.8172563e-01   4.7048098e-01
   1.8172563e-01   4.6591656e-01
   1.8172563e-01   4.6185646e-01
   1.8172563e-01   4.5824973e-01
   1.8172563e-01   4.5504909e-01
   1.8172563e-01   4.5221118e-01
   1.8172563e-01   4.4969661e-01
   1.8172563e-01   4.4746978e-01
   1.8172563e-01   4.4549870e-01
   1.8172563e-01   4.4375467e-01
   1.8172563e-01   4.4221207e-01
   1.8172563e-01   4.4084801e-01
   1.8172563e-01   4.3964213e-01
   1.8172563e-01   4.3857632e-01
   1.8172563e-01   4.3763448e-01
   1.8172563e-01   4.3680232e-01
   1.8172563e-01   4.3606718e-01
   1.8172563e-01   4.3541783e-01
   1.8172563e-01   4.3484431e-01
   1.8172563e-01   4.3433783e-01
   1.8172563e-01   4.3389057e-01
   1.8172563e-01   4.3349565e-01
   1.8172563e-01   4.3314697e-01
   1.8172563e-01   4.3283912e-01
   1.8172563e-01   4.3256734e-01
   1.8172563e-01   4.3232742e-01
   1.8172563e-01   4.3211562e-01
   1.8172563e-01   4.3192867e-01
   1.8172563e-01   4.3176364e-01
   1.8172563e-01   4.3161797e-01
   1.8172563e-01   4.3148940e-01
   1.8172563e-01   4.3137591e-01
   1.8172563e-01   4.3127575e-01
  -9.5203624e-01   4.3118734e-01
  -9.5203624e-01   4.3110932e-01
  -9.5203624e-01   4.3104045e-01
  -9.5203624e-01   4.3097968e-01
  -9.5203624e-01   4.3092604e-01
  -9.5203624e-01   4.0710469e-01
  -9.5203624e-01   3.4952272e-01
  -9.5203624e-01   2.7123048e-01
  -9.5203624e-01   1.8009631e-01
  -9.5203624e-01   8.1544350e-02
  -9.5203624e-01  -2.0420892e-02
  -9.5203624e-01  -1.2278070e-01
  -9.5203624e-01  -2.2327851e-01
  -9.5203624e-01  -3.2027287e-01
  -9.5203624e-01  -4.1262166e-01
  -9.5203624e-01  -4.9958344e-01
  -9.5203624e-01  -5.8073250e-01
  -9.5203624e-01  -6.5588653e-01
  -9.5203624e-01  -7.2504637e-01
  -9.5203624e-01  -7.8834671e-01
  -9.5203624e-01  -8.4601660e-01
  -9.5203624e-01  -8.9834821e-01
  -9.5203624e-01  -9.4567266e-01
  -9.5203624e-01  -9.8834150e-01
  -9.5203624e-01  -1.0267129e+00
  -9.5203624e-01  -1.0611414e+00
  -9.5203624e-01  -1.0919710e+00
  -9.5203624e-01  -1.1195299e+00
  -9.5203624e-01  -1.1441274e+00
  -9.5203624e-01  -1.1660523e+00
  -9.5203624e-01  -1.1855719e+00
  -9.5203624e-01  -1.2029321e+00
  -9.5203624e-01  -1.2183576e+00
  -9.5203624e-01  -1.2320529e+00
  -9.5203624e-01  -1.2442036e+00
  -9.5203624e-01  -1.2549770e+00
  -9.5203624e-01  -1.2645241e+00
  -9.5203624e-01  -1.2729802e+00
  -9.5203624e-01  -1.2804668e+00
  -9.5203624e-01  -1.2870925e+00
  -9.5203624e-01  -1.2929545e+00
  -9.5203624e-01  -1.2981391e+00
  -9.5203624e-01  -1.3027235e+00
  -9.5203624e-01  -1.3067763e+00
  -9.5203624e-01  -1.3103582e+00
  -9.5203624e-01  -1.3135236e+00
  -9.5203624e-01  -1.3163203e+00
  -9.5203624e-01  -1.3187910e+00
  -9.5203624e-01  -1.3209734e+00
  -9.5203624e-01  -1.3229010e+00
   1.1770818e-01  -1.3246033e+00
   1.1770818e-01  -1.3261065e+00
   1.1770818e-01  -1.3274338e+00
   1.1770818e-01  -1.3286058e+00
   1.1770818e-01  -1.3296405e+00
   1.1770818e-01  -1.2630378e+00
   1.1770818e-01  -1.1151746e+00
   1.1770818e-01  -9.4165862e-01
   1.1770818e-01  -7.7134635e-01
   1.1770818e-01  -6.1671405e-01
   1.1770818e-01  -4.8160461e-01
   1.1770818e-01  -3.6580337e-01
   1.1770818e-01  -2.6744558e-01
   1.1770818e-01  -1.8418542e-01
   1.1770818e-01  -1.1371785e-01
   1.1770818e-01  -5.3981647e-02
   1.1770818e-01  -3.2137579e-03
   1.1770818e-01   4.0060736e-02
   1.1770818e-01   7.7062588e-02
   1.1770818e-01   1.0879795e-01
   1.1770818e-01   1.3609580e-01
   1.1770818e-01   1.5964042e-01
   1.1770818e-01   1.7999848e-01
   1.1770818e-01   1.9764112e-01
   1.1770818e-01   2.1296177e-01
   1.1770818e-01   2.2629040e-01
   1.1770818e-01   2.3790501e-01
   1.1770818e-01   2.4804077e-01
   1.1770818e-01   2.5689745e-01
   1.1770818e-01   2.6464536e-01
   1.1770818e-01   2.7143022e-01
   1.1770818e-01   2.7737710e-01
   1.1770818e-01   2.8259365e-01
   1.1770818e-01   2.8717280e-01
   1.1770818e-01   2.9119494e-01
   1.1770818e-01   2.9472977e-01
   1.1770818e-01   2.9783785e-01
   1.1770818e-01   3.0057186e-01
   1.1770818e-01   3.0297775e-01
   1.1770818e-01   3.0509561e-01
   1.1770818e-01   3.0696046e-01
   1.1770818e-01   3.0860297e-01
   1.1770818e-01   3.1004997e-01
   1.1770818e-01   3.1132500e-01
   1.1770818e-01   3.1244869e-01
   1.1770818e-01   3.1343917e-01
   1.1770818e-01   3.1431235e-01
   1.1770818e-01   3.1508222e-01
   1.1770818e-01   3.1576107e-01
   1.1770818e-01   3.1635973e-01
  -4.8149511e-01   3.1688770e-01
  -4.8149511e-01   3.1735338e-01
  -4.8149511e-01   3.1776414e-01
  -4.8149511e-01   3.1812647e-01
  -4.8149511e-01   3.1844610e-01
  -4.8149511e-01   2.9545464e-01
  -4.8149511e-01   2.3980926e-01
  -4.8149511e-01   1.6490844e-01
  -4.8149511e-01   7.8821047e-02
  -4.8149511e-01  -1.3046961e-02
  -4.8149511e-01  -1.0687742e-01
  -4.8149511e-01  -1.9993648e-01
  -4.8149511e-01  -2.9029143e-01
  -4.8149511e-01  -3.7662126e-01
  -4.8149511e-01  -4.5807464e-01
  -4.8149511e-01  -5.3415799e-01
  -4.8149511e-01  -6.0464593e-01
  -4.8149511e-01  -6.6951018e-01
  -4.8149511e-01  -7.2886355e-01
  -4.8149511e-01  -7.8291644e-01
  -4.8149511e-01  -8.3194346e-01
  -4.8149511e-01  -8.7625819e-01
  -4.8149511e-01  -9.1619430e-01
  -4.8149511e-01  -9.5209170e-01
  -4.8149511e-01  -9.8428659e-01
  -4.8149511e-01  -1.0131045e+00
  -4.8149511e-01  -1.0388558e+00
  -4.8149511e-01  -1.0618323e+00
  -4.8149511e-01  -1.0823063e+00
  -4.8149511e-01  -1.1005294e+00
  -4.8149511e-01  -1.1167326e+00
  -4.8149511e-01  -1.1311270e+00
  -4.8149511e-01  -1.1439045e+00
  -4.8149511e-01  -1.1552390e+00
  -4.8149511e-01  -1.1652872e+00
  -4.8149511e-01  -1.1741905e+00
  -4.8149511e-01  -1.1820754e+00
  -4.8149511e-01  -1.1890557e+00
  -4.8149511e-01  -1.1952327e+00
  -4.8149511e-01  -1.2006972e+00
  -4.8149511e-01  -1.2055300e+00
  -4.8149511e-01  -1.2098031e+00
  -4.8149511e-01  -1.2135803e+00
  -4.8149511e-01  -1.2169187e+00
  -4.8149511e-01  -1.2198686e+00
  -4.8149511e-01  -1.2224749e+00
  -4.8149511e-01  -1.2247773e+00
  -4.8149511e-01  -1.2268109e+00
  -4.8149511e-01  -1.2286071e+00
  -4.8149511e-01  -1.2301933e+00
  -1.6979761e-01  -1.2315939e+00
  -1.6979761e-01  -1.2328307e+00
  -1.6979761e-01  -1.2339227e+00
  -1.6979761e-01  -1.2348867e+00
  -1.6979761e-01  -1.2357379e+00
  -1.6979761e-01  -1.2186187e+00
  -1.6979761e-01  -1.1786399e+00
  -1.6979761e-01  -1.1291081e+00
  -1.6979761e-01  -1.0774871e+00
  -1.6979761e-01  -1.0276858e+00
  -1.6979761e-01  -9.8155603e-01
  -1.6979761e-01  -9.3980557e-01
  -1.6979761e-01  -9.0253155e-01
  -1.6979761e-01  -8.6952421e-01
  -1.6979761e-01  -8.4043561e-01
  -1.6979761e-01  -8.1487097e-01
  -1.6979761e-01  -7.9243617e-01
  -1.6979761e-01  -7.7276086e-01
  -1.6979761e-01  -7.5550824e-01
  -1.6979761e-01  -7.4037771e-01
  -1.6979761e-01  -7.2710394e-01
  -1.6979761e-01  -7.1545423e-01
  -1.6979761e-01  -7.0522519e-01
  -1.6979761e-01  -6.9623943e-01
  -1.6979761e-01  -6.8834227e-01
  -1.6979761e-01  -6.8139888e-01
  -1.6979761e-01  -6.7529166e-01
  -1.6979761e-01  -6.6991797e-01
  -1.6979761e-01  -6.6518816e-01
  -1.6979761e-01  -6.6102384e-01
  -1.6979761e-01  -6.5735644e-01
  -1.6979761e-01  -6.5412589e-01
  -1.6979761e-01  -6.5127955e-01
  -1.6979761e-01  -6.4877126e-01
  -1.6979761e-01  -6.4656050e-01
  -1.6979761e-01  -6.4461170e-01
  -1.6979761e-01  -6.4289358e-01
  -1.6979761e-01  -6.4137866e-01
  -1.6979761e-01  -6.4004278e-01
  -1.6979761e-01  -6.3886467e-01
  -1.6979761e-01  -6.3782562e-01
  -1.6979761e-01  -6.3690914e-01
  -1.6979761e-01  -6.3610072e-01
  -1.6979761e-01  -6.3538759e-01
  -1.6979761e-01  -6.3475849e-01
  -1.6979761e-01  -6.3420348e-01
  -1.6979761e-01  -6.3371383e-01
  -1.6979761e-01  -6.3328181e-01
  -1.6979761e-01  -6.3290065e-01
  -1.6979761e-01  -6.3256434e-01
  -4.3294984e-01  -6.3226759e-01
  -4.3294984e-01  -6.3200575e-01
  -4.3294984e-01  -6.3177471e-01
  -4.3294984e-01  -6.3157084e-01
  -4.3294984e-01  -6.3139095e-01
  -4.3294984e-01  -6.4397761e-01
  -4.3294984e-01  -6.7350108e-01
  -4.3294984e-01  -7.1132060e-01
  -4.3294984e-01  -7.5238428e-01
  -4.3294984e-01  -7.9372753e-01
  -4.3294984e-01  -8.3364579e-01
  -4.3294984e-01  -8.7120916e-01
  -4.3294984e-01  -9.0596615e-01
  -4.3294984e-01  -9.3775843e-01
  -4.3294984e-01  -9.6660395e-01
  -4.3294984e-01  -9.9262290e-01
  -4.3294984e-01  -1.0159910e+00
  -4.3294984e-01  -1.0369100e+00
  -4.3294984e-01  -1.0555900e+00
  -4.3294984e-01  -1.0722383e+00
  -4.3294984e-01  -1.0870529e+00
  -4.3294984e-01  -1.1002196e+00
  -4.3294984e-01  -1.1119098e+00
  -4.3294984e-01  -1.1222803e+00
  -4.3294984e-01  -1.1314738e+00
  -4.3294984e-01  -1.1396190e+00
  -4.3294984e-01  -1.1468318e+00
  -4.3294984e-01  -1.1532162e+00
  -4.3294984e-01  -1.1588653e+00
  -4.3294984e-01  -1.1638620e+00
  -4.3294984e-01  -1.1682806e+00
  -4.3294984e-01  -1.1721870e+00
  -4.3294984e-01  -1.1756398e+00
  -4.3294984e-01  -1.1786910e+00
  -4.3294984e-01  -1.1813871e+00
  -4.3294984e-01  -1.1837689e+00
  -4.3294984e-01  -1.1858728e+00
  -4.3294984e-01  -1.1877310e+00
  -4.3294984e-01  -1.1893721e+00
  -4.3294984e-01  -1.1908214e+00
  -4.3294984e-01  -1.1921010e+00
  -4.3294984e-01  -1.1932309e+00
  -4.3294984e-01  -1.1942285e+00
  -4.3294984e-01  -1.1951091e+00
  -4.3294984e-01  -1.1958866e+00
  -4.3294984e-01  -1.1965730e+00
  -4.3294984e-01  -1.1971788e+00
  -4.3294984e-01  -1.1977136e+00
  -4.3294984e-01  -1.1981857e+00
  -4.3294984e-01  -1.1986023e+00
   3.8627584e-01  -1.1989701e+00
   3.8627584e-01  -1.1992947e+00
   3.8627584e-01  -1.1995812e+00
   3.8627584e-01  -1.1998340e+00
   3.8627584e-01  -1.2000572e+00
   3.8627584e-01  -1.1180763e+00
   3.8627584e-01  -9.3965719e-01
   3.8627584e-01  -7.3477161e-01
   3.8627584e-01  -5.3842465e-01
   3.8627584e-01  -3.6442119e-01
   3.8627584e-01  -2.1588700e-01
   3.8627584e-01  -9.1315711e-02
   3.8627584e-01   1.2407992e-02
   3.8627584e-01   9.8646093e-02
   3.8627584e-01   1.7046663e-01
   3.8627584e-01   2.3048017e-01
   3.8627584e-01   2.8083560e-01
   3.8627584e-01   3.2327438e-01
   3.8627584e-01   3.5919900e-01
   3.8627584e-01   3.8973793e-01
   3.8627584e-01   4.1580118e-01
   3.8627584e-01   4.3812555e-01
   3.8627584e-01   4.5731061e-01
   3.8627584e-01   4.7384704e-01
   3.8627584e-01   4.8813866e-01
   3.8627584e-01   5.0051978e-01
   3.8627584e-01   5.1126867e-01
   3.8627584e-01   5.2061820e-01
   3.8627584e-01   5.2876423e-01
   3.8627584e-01   5.3587226e-01
   3.8627584e-01   5.4208274e-01
   3.8627584e-01   5.4751536e-01
   3.8627584e-01   5.5227243e-01
   3.8627584e-01   5.5644178e-01
   3.8627584e-01   5.6009896e-01
   3.8627584e-01   5.6330917e-01
   3.8627584e-01   5.6612880e-01
   3.8627584e-01   5.6860676e-01
   3.8627584e-01   5.7078552e-01
   3.8627584e-01   5.7270203e-01
   3.8627584e-01   5.7438849e-01
   3.8627584e-01   5.7587304e-01
   3.8627584e-01   5.7718022e-01
   3.8627584e-01   5.7833154e-01
   3.8627584e-01   5.7934580e-01
   3.8627584e-01   5.8023952e-01
   3.8627584e-01   5.8102716e-01
   3.8627584e-01   5.8172141e-01
   3.8627584e-01   5.8233345e-01
   3.8627584e-01   5.8287306e-01
  -1.1909256e-01   5.8334888e-01
  -1.1909256e-01   5.8376849e-01
  -1.1909256e-01   5.8413856e-01
  -1.1909256e-01   5.8446496e-01
  -1.1909256e-01   5.8475286e-01
  -1.1909256e-01   5.6934132e-01
  -1.1909256e-01   5.3200397e-01
  -1.1909256e-01   4.8184563e-01
  -1.1909256e-01   4.2434583e-01
  -1.1909256e-01   3.6315331e-01
  -1.1909256e-01   3.0082119e-01
  -1.1909256e-01   2.3915735e-01
  -1.1909256e-01   1.7942415e-01
  -1.1909256e-01   1.2247196e-01
  -1.1909256e-01   6.8838366e-02
  -1.1909256e-01   1.8825366e-02
  -1.1909256e-01  -2.7439825e-02
  -1.1909256e-01  -6.9957012e-02
  -1.1909256e-01  -1.0881588e-01
  -1.1909256e-01  -1.4416742e-01
  -1.1909256e-01  -1.7620225e-01
  -1.1909256e-01  -2.0513431e-01
  -1.1909256e-01  -2.3118880e-01
  -1.1909256e-01  -2.5459345e-01
  -1.1909256e-01  -2.7557227e-01
  -1.1909256e-01  -2.9434125e-01
  -1.1909256e-01  -3.1110554e-01
  -1.1909256e-01  -3.2605767e-01
  -1.1909256e-01  -3.3937669e-01
  -1.1909256e-01  -3.5122780e-01
  -1.1909256e-01  -3.6176252e-01
  -1.1909256e-01  -3.7111902e-01
  -1.1909256e-01  -3.7942282e-01
  -1.1909256e-01  -3.8678744e-01
  -1.1909256e-01  -3.9331528e-01
  -1.1909256e-01  -3.9909844e-01
  -1.1909256e-01  -4.0421952e-01
  -1.1909256e-01  -4.0875251e-01
  -1.1909256e-01  -4.1276352e-01
  -1.1909256e-01  -4.1631154e-01
  -1.1909256e-01  -4.1944915e-01
  -1.1909256e-01  -4.2222316e-01
  -1.1909256e-01  -4.2467516e-01
  -1.1909256e-01  -4.2684214e-01
  -1.1909256e-01  -4.2875689e-01
  -1.1909256e-01  -4.3044854e-01
  -1.1909256e-01  -4.3194287e-01
  -1.1909256e-01  -4.3326276e-01
  -1.1909256e-01  -4.3442845e-01
  -1.1909256e-01  -4.3545786e-01
  -6.8626452e-01  -4.3636685e-01
  -6.8626452e-01  -4.3716946e-01
  -6.8626452e-01  -4.3787808e-01
  -6.8626452e-01  -4.3850370e-01
  -6.8626452e-01  -4.3905601e-01
  -6.8626452e-01  -4.5750327e-01
  -6.8626452e-01  -5.0002781e-01
  -6.8626452e-01  -5.5483416e-01
  -6.8626452e-01  -6.1495648e-01
  -6.8626452e-01  -6.7618205e-01
  -6.8626452e-01  -7.3597204e-01
  -6.8626452e-01  -7.9284402e-01
  -6.8626452e-01  -8.4599341e-01
  -6.8626452e-01  -8.9505149e-01
  -6.8626452e-01  -9.3992708e-01
  -6.8626452e-01  -9.8070193e-01
  -6.8626452e-01  -1.0175615e+00
  -6.8626452e-01  -1.0507494e+00
  -6.8626452e-01  -1.0805374e+00
  -6.8626452e-01  -1.1072063e+00
  -6.8626452e-01  -1.1310333e+00
  -6.8626452e-01  -1.1522851e+00
  -6.8626452e-01  -1.1712129e+00
  -6.8626452e-01  -1.1880508e+00
  -6.8626452e-01  -1.2030140e+00
  -6.8626452e-01  -1.2162997e+00
  -6.8626452e-01  -1.2280870e+00
  -6.8626452e-01  -1.2385382e+00
  -6.8626452e-01  -1.2477993e+00
  -6.8626452e-01  -1.2560018e+00
  -6.8626452e-01  -1.2632636e+00
  -6.8626452e-01  -1.2696901e+00
  -6.8626452e-01  -1.2753755e+00
  -6.8626452e-01  -1.2804038e+00
  -6.8626452e-01  -1.2848497e+00
  -6.8626452e-01  -1.2887800e+00
  -6.8626452e-01  -1.2922535e+00
  -6.8626452e-01  -1.2953230e+00
  -6.8626452e-01  -1.2980350e+00
  -6.8626452e-01  -1.3004307e+00
  -6.8626452e-01  -1.3025469e+00
  -6.8626452e-01  -1.3044159e+00
  -6.8626452e-01  -1.3060664e+00
  -6.8626452e-01  -1.3075240e+00
  -6.8626452e-01  -1.3088109e+00
  -6.8626452e-01  -1.3099472e+00
  -6.8626452e-01  -1.3109504e+00
  -6.8626452e-01  -1.3118361e+00
  -6.8626452e-01  -1.3126179e+00
  -6.8626452e-01  -1.3133081e+00
   8.9298036e-02  -1.3139174e+00
   8.9298036e-02  -1.3144552e+00
   8.9298036e-02  -1.3149298e+00
   8.9298036e-02  -1.3153488e+00
   8.9298036e-02  -1.3157187e+00
   8.9298036e-02  -1.2536960e+00
   8.9298036e-02  -1.1162932e+00
   8.9298036e-02  -9.5441936e-01
   8.9298036e-02  -7.9469550e-01
   8.9298036e-02  -6.4886110e-01
   8.9298036e-02  -5.2073502e-01
   8.9298036e-02  -4.1034743e-01
   8.9298036e-02  -3.1613839e-01
   8.9298036e-02  -2.3604323e-01
   8.9298036e-02  -1.6798921e-01
   8.9298036e-02  -1.1009734e-01
   8.9298036e-02  -6.0743807e-02
   8.9298036e-02  -1.8558720e-02
   8.9298036e-02   1.7599899e-02
   8.9298036e-02   4.8679202e-02
   8.9298036e-02   7.5463905e-02
   8.9298036e-02   9.8605007e-02
   8.9298036e-02   1.1864406e-01
   8.9298036e-02   1.3603315e-01
   8.9298036e-02   1.5115121e-01
   8.9298036e-02   1.6431712e-01
   8.9298036e-02   1.7580033e-01
   8.9298036e-02   1.8582946e-01
   8.9298036e-02   1.9459915e-01
   8.9298036e-02   2.0227575e-01
   8.9298036e-02   2.0900187e-01
   8.9298036e-02   2.1490012e-01
   8.9298036e-02   2.2007623e-01
   8.9298036e-02   2.2462161e-01
   8.9298036e-02   2.2861541e-01
   8.9298036e-02   2.3212637e-01
   8.9298036e-02   2.3521427e-01
   8.9298036e-02   2.3793115e-01
   8.9298036e-02   2.4032245e-01
   8.9298036e-02   2.4242784e-01
   8.9298036e-02   2.4428200e-01
   8.9298036e-02   2.4591533e-01
   8.9298036e-02   2.4735441e-01
   8.9298036e-02   2.4862260e-01
   8.9298036e-02   2.4974038e-01
   8.9298036e-02   2.5072573e-01
   8.9298036e-02   2.5159445e-01
   8.9298036e-02   2.5236043e-01
   8.9298036e-02   2.5303590e-01
   8.9298036e-02   2.5363160e-01
   5.6062953e-01   2.5415699e-01
   5.6062953e-01   2.5462041e-01
   5.6062953e-01   2.5502919e-01
   5.6062953e-01   2.5538979e-01
   5.6062953e-01   2.5570790e-01
   5.6062953e-01   2.6761650e-01
   5.6062953e-01   2.9407052e-01
   5.6062953e-01   3.2616084e-01
   5.6062953e-01   3.5899247e-01
   5.6062953e-01   3.9012373e-01
   5.6062953e-01   4.1850024e-01
   5.6062953e-01   4.4380764e-01
   5.6062953e-01   4.6610250e-01
   5.6062953e-01   4.8561047e-01
   5.6062953e-01   5.0261967e-01
   5.6062953e-01   5.1742691e-01
   5.6062953e-01   5.3031226e-01
   5.6062953e-01   5.4152870e-01
   5.6062953e-01   5.5129932e-01
   5.6062953e-01   5.5981832e-01
   5.6062953e-01   5.6725350e-01
   5.6062953e-01   5.7374938e-01
   5.6062953e-01   5.7943023e-01
   5.6062953e-01   5.8440296e-01
   5.6062953e-01   5.8875961e-01
   5.6062953e-01   5.9257954e-01
   5.6062953e-01   5.9593127e-01
   5.6062953e-01   5.9887410e-01
   5.6062953e-01   6.0145941e-01
   5.6062953e-01   6.0373181e-01
   5.6062953e-01   6.0573010e-01
   5.6062953e-01   6.0748807e-01
   5.6062953e-01   6.0903518e-01
   5.6062953e-01   6.1039716e-01
   5.6062953e-01   6.1159652e-01
   5.6062953e-01   6.1265292e-01
   5.6062953e-01   6.1358363e-01
   5.6062953e-01   6.1440375e-01
   5.6062953e-01   6.1512656e-01
   5.6062953e-01   6.1576369e-01
   5.6062953e-01   6.1632539e-01
   5.6062953e-01   6.1682064e-01
   5.6062953e-01   6.1725735e-01
   5.6062953e-01   6.1764247e-01
   5.6062953e-01   6.1798213e-01
   5.6062953e-01   6.1828172e-01
   5.6062953e-01   6.1854598e-01
   5.6062953e-01   6.1877908e-01
   5.6062953e-01   6.1898472e-01
   5.6062953e-01   6.1916614e-01
  -3.8727294e-01   6.1932619e-01
  -3.8727294e-01   6.1946740e-01
  -3.8727294e-01   6.1959199e-01
  -3.8727294e-01   6.1970192e-01
  -3.8727294e-01   6.1979891e-01
  -3.8727294e-01   5.9878774e-01
  -3.8727294e-01   5.4736620e-01
  -3.8727294e-01   4.7644476e-01
  -3.8727294e-01   3.9256850e-01
  -3.8727294e-01   3.0039219e-01
  -3.8727294e-01   2.0353334e-01
  -3.8727294e-01   1.0488263e-01
  -3.8727294e-01   6.7347912e-03
  -3.8727294e-01  -8.9133437e-02
  -3.8727294e-01  -1.8139675e-01
  -3.8727294e-01  -2.6911584e-01
  -3.8727294e-01  -3.5167321e-01
  -3.8727294e-01  -4.2871265e-01
  -3.8727294e-01  -5.0008457e-01
  -3.8727294e-01  -5.6579835e-01
  -3.8727294e-01  -6.2598185e-01
  -3.8727294e-01  -6.8084811e-01
  -3.8727294e-01  -7.3066819e-01
  -3.8727294e-01  -7.7574982e-01
  -3.8727294e-01  -8.1642056e-01
  -3.8727294e-01  -8.5301515e-01
  -3.8727294e-01  -8.8586593e-01
  -3.8727294e-01  -9.1529605e-01
  -3.8727294e-01  -9.4161468e-01
  -3.8727294e-01  -9.6511384e-01
  -3.8727294e-01  -9.8606662e-01
  -3.8727294e-01  -1.0047262e+00
  -3.8727294e-01  -1.0213258e+00
  -3.8727294e-01  -1.0360789e+00
  -3.8727294e-01  -1.0491800e+00
  -3.8727294e-01  -1.0608055e+00
  -3.8727294e-01  -1.0711149e+00
  -3.8727294e-01  -1.0802521e+00
  -3.8727294e-01  -1.0883461e+00
  -3.8727294e-01  -1.0955130e+00
  -3.8727294e-01  -1.1018565e+00
  -3.8727294e-01  -1.1074691e+00
  -3.8727294e-01  -1.1124336e+00
  -3.8727294e-01  -1.1168237e+00
  -3.8727294e-01  -1.1207048e+00
  -3.8727294e-01  -1.1241353e+00
  -3.8727294e-01  -1.1271670e+00
  -3.8727294e-01  -1.1298457e+00
  -3.8727294e-01  -1.1322122e+00
  -3.8727294e-01  -1.1343026e+00
  -5.5608423e-01  -1.1361490e+00
  -5.5608423e-01  -1.1377796e+00
  -5.5608423e-01  -1.1392196e+00
  -5.5608423e-01  -1.1404912e+00
  -5.5608423e-01  -1.1416138e+00
  -5.5608423e-01  -1.1458996e+00
  -5.5608423e-01  -1.1543776e+00
  -5.5608423e-01  -1.1647426e+00
  -5.5608423e-01  -1.1756695e+00
  -5.5608423e-01  -1.1864157e+00
  -5.5608423e-01  -1.1965861e+00
  -5.5608423e-01  -1.2059912e+00
  -5.5608423e-01  -1.2145616e+00
  -5.5608423e-01  -1.2222961e+00
  -5.5608423e-01  -1.2292310e+00
  -5.5608423e-01  -1.2354216e+00
  -5.5608423e-01  -1.2409306e+00
  -5.5608423e-01  -1.2458226e+00
  -5.5608423e-01  -1.2501601e+00
  -5.5608423e-01  -1.2540016e+00
  -5.5608423e-01  -1.2574012e+00
  -5.5608423e-01  -1.2604080e+00
  -5.5608423e-01  -1.2630662e+00
  -5.5608423e-01  -1.2654155e+00
  -5.5608423e-01  -1.2674911e+00
  -5.5608423e-01  -1.2693247e+00
  -5.5608423e-01  -1.2709443e+00
  -5.5608423e-01  -1.2723745e+00
  -5.5608423e-01  -1.2736374e+00
  -5.5608423e-01  -1.2747526e+00
  -5.5608423e-01  -1.2757371e+00
  -5.5608423e-01  -1.2766064e+00
  -5.5608423e-01  -1.2773737e+00
  -5.5608423e-01  -1.2780511e+00
  -5.5608423e-01  -1.2786491e+00
  -5.5608423e-01  -1.2791769e+00
  -5.5608423e-01  -1.2796428e+00
  -5.5608423e-01  -1.2800540e+00
  -5.5608423e-01  -1.2804170e+00
  -5.5608423e-01  -1.2807373e+00
  -5.5608423e-01  -1.2810201e+00
  -5.5608423e-01  -1.2812696e+00
  -5.5608423e-01  -1.2814899e+00
  -5.5608423e-01  -1.2816843e+00
  -5.5608423e-01  -1.2818558e+00
  -5.5608423e-01  -1.2820072e+00
  -5.5608423e-01  -1.2821409e+00
  -5.5608423e-01  -1.2822588e+00
  -5.5608423e-01  -1.2823629e+00
  -5.5608423e-01  -1.2824547e+00
  -2.2405748e-01  -1.2825358e+00
  -2.2405748e-01  -1.2826074e+00
  -2.2405748e-01  -1.2826705e+00
  -2.2405748e-01  -1.2827262e+00
  -2.2405748e-01  -1.2827754e+00
  -2.2405748e-01  -1.2693785e+00
  -2.2405748e-01  -1.2387641e+00
  -2.2405748e-01  -1.2008231e+00
  -2.2405748e-01  -1.1611327e+00
  -2.2405748e-01  -1.1226572e+00
  -2.2405748e-01  -1.0868394e+00
  -2.2405748e-01  -1.0542639e+00
  -2.2405748e-01  -1.0250486e+00
  -2.2405748e-01  -9.9906934e-01
  -2.2405748e-01  -9.7608780e-01
  -2.2405748e-01  -9.5582176e-01
  -2.2405748e-01  -9.3798289e-01
  -2.2405748e-01  -9.2229596e-01
  -2.2405748e-01  -9.0850764e-01
  -2.2405748e-01  -8.9638961e-01
  -2.2405748e-01  -8.8573866e-01
  -2.2405748e-01  -8.7637532e-01
  -2.2405748e-01  -8.6814176e-01
  -2.2405748e-01  -8.6089953e-01
  -2.2405748e-01  -8.5452739e-01
  -2.2405748e-01  -8.4891915e-01
  -2.2405748e-01  -8.4398189e-01
  -2.2405748e-01  -8.3963421e-01
  -2.2405748e-01  -8.3580481e-01
  -2.2405748e-01  -8.3243117e-01
  -2.2405748e-01  -8.2945848e-01
  -2.2405748e-01  -8.2683864e-01
  -2.2405748e-01  -8.2452941e-01
  -2.2405748e-01  -8.2249367e-01
  -2.2405748e-01  -8.2069882e-01
  -2.2405748e-01  -8.1911618e-01
  -2.2405748e-01  -8.1772053e-01
  -2.2405748e-01  -8.1648967e-01
  -2.2405748e-01  -8.1540405e-01
  -2.2405748e-01  -8.1444648e-01
  -2.2405748e-01  -8.1360180e-01
  -2.2405748e-01  -8.1285666e-01
  -2.2405748e-01  -8.1219931e-01
  -2.2405748e-01  -8.1161937e-01
  -2.2405748e-01  -8.1110772e-01
  -2.2405748e-01  -8.1065629e-01
  -2.2405748e-01  -8.1025799e-01
  -2.2405748e-01  -8.0990655e-01
  -2.2405748e-01  -8.0959646e-01
  -2.2405748e-01  -8.0932285e-01
   8.7276730e-01  -8.0908141e-01
   8.7276730e-01  -8.0886837e-01
   8.7276730e-01  -8.0868038e-01
   8.7276730e-01  -8.0851450e-01
   8.7276730e-01  -8.0836811e-01
   8.7276730e-01  -7.4459181e-01
   8.7276730e-01  -6.0558542e-01
   8.7276730e-01  -4.4496796e-01
   8.7276730e-01  -2.8988058e-01
   8.7276730e-01  -1.5136082e-01
   8.7276730e-01  -3.2212308e-02
   8.7276730e-01   6.8430781e-02
   8.7276730e-01   1.5278256e-01
   8.7276730e-01   2.2333270e-01
   8.7276730e-01   2.8240272e-01
   8.7276730e-01   3.3199789e-01
   8.7276730e-01   3.7378859e-01
   8.7276730e-01   4.0914204e-01
   8.7276730e-01   4.3916890e-01
   8.7276730e-01   4.6476970e-01
   8.7276730e-01   4.8667563e-01
   8.7276730e-01   5.0548236e-01
   8.7276730e-01   5.2167740e-01
   8.7276730e-01   5.3566172e-01
   8.7276730e-01   5.4776688e-01
   8.7276730e-01   5.5826853e-01
   8.7276730e-01   5.6739700e-01
   8.7276730e-01   5.7534574e-01
   8.7276730e-01   5.8227797e-01
   8.7276730e-01   5.8833201e-01
   8.7276730e-01   5.9362557e-01
   8.7276730e-01   5.9825917e-01
   8.7276730e-01   6.0231896e-01
   8.7276730e-01   6.0587901e-01
   8.7276730e-01   6.0900315e-01
   8.7276730e-01   6.1174657e-01
   8.7276730e-01   6.1415707e-01
   8.7276730e-01   6.1627613e-01
   8.7276730e-01   6.1813984e-01
   8.7276730e-01   6.1977962e-01
   8.7276730e-01   6.2122288e-01
   8.7276730e-01   6.2249359e-01
   8.7276730e-01   6.2361266e-01
   8.7276730e-01   6.2459845e-01
   8.7276730e-01   6.2546700e-01
   8.7276730e-01   6.2623241e-01
   8.7276730e-01   6.2690704e-01
   8.7276730e-01   6.2750174e-01
   8.7276730e-01   6.2802604e-01
   8.7276730e-01   6.2848835e-01
   9.5199084e-01   6.2889602e-01
   9.5199084e-01   6.2925555e-01
   9.5199084e-01   6.2957265e-01
   9.5199084e-01   6.2985234e-01
   9.5199084e-01   6.3009905e-01
   9.5199084e-01   6.3033069e-01
   9.5199084e-01   6.3055487e-01
   9.5199084e-01   6.3076467e-01
   9.5199084e-01   6.3095706e-01
   9.5199084e-01   6.3113121e-01
   9.5199084e-01   6.3128753e-01
   9.5199084e-01   6.3142708e-01
   9.5199084e-01   6.3155119e-01
   9.5199084e-01   6.3166129e-01
   9.5199084e-01   6.3175880e-01
   9.5199084e-01   6.3184505e-01
   9.5199084e-01   6.3192130e-01
   9.5199084e-01   6.3198866e-01
   9.5199084e-01   6.3204815e-01
   9.5199084e-01   6.3210067e-01
   9.5199084e-01   6.3214703e-01
   9.5199084e-01   6.3218795e-01
   9.5199084e-01   6.3222407e-01
   9.5199084e-01   6.3225595e-01
   9.5199084e-01   6.3228409e-01
   9.5199084e-01   6.3230891e-01
   9.5199084e-01   6.3233082e-01
   9.5199084e-01   6.3235016e-01
   9.5199084e-01   6.3236722e-01
   9.5199084e-01   6.3238228e-01
   9.5199084e-01   6.3239557e-01
   9.5199084e-01   6.3240730e-01
   9.5199084e-01   6.3241765e-01
   9.5199084e-01   6.3242678e-01
   9.5199084e-01   6.3243484e-01
   9.5199084e-01   6.3244195e-01
   9.5199084e-01   6.3244823e-01
   9.5199084e-01   6.3245377e-01
   9.5199084e-01   6.3245866e-01
   9.5199084e-01   6.3246297e-01
   9.5199084e-01   6.3246678e-01
   9.5199084e-01   6.3247014e-01
   9.5199084e-01   6.3247310e-01
   9.5199084e-01   6.3247572e-01
   9.5199084e-01   6.3247803e-01
   9.5199084e-01   6.3248007e-01
   9.5199084e-01   6.3248186e-01
   9.5199084e-01   6.3248345e-01
   9.5199084e-01   6.3248485e-01
   9.5199084e-01   6.3248609e-01
   3.4476735e-01   6.3248718e-01
   3.4476735e-01   6.3248814e-01
   3.4476735e-01   6.3248899e-01
   3.4476735e-01   6.3248974e-01
   3.4476735e-01   6.3249040e-01
   3.4476735e-01   6.3098453e-01
   3.4476735e-01   6.2750331e-01
   3.4476735e-01   6.2309902e-01
   3.4476735e-01   6.1837998e-01
   3.4476735e-01   6.1369160e-01
   3.4476735e-01   6.0922212e-01
   3.4476735e-01   6.0506588e-01
   3.4476735e-01   6.0126163e-01
   3.4476735e-01   5.9781580e-01
   3.4476735e-01   5.9471669e-01
   3.4476735e-01   5.9194308e-01
   3.4476735e-01   5.8946934e-01
   3.4476735e-01   5.8726850e-01
   3.4476735e-01   5.8531393e-01
   3.4476735e-01   5.8358037e-01
   3.4476735e-01   5.8204431e-01
   3.4476735e-01   5.8068428e-01
   3.4476735e-01   5.7948078e-01
   3.4476735e-01   5.7841628e-01
   3.4476735e-01   5.7747504e-01
   3.4476735e-01   5.7664305e-01
   3.4476735e-01   5.7590778e-01
   3.4476735e-01   5.7525813e-01
   3.4476735e-01   5.7468420e-01
   3.4476735e-01   5.7417725e-01
   3.4476735e-01   5.7372951e-01
   3.4476735e-01   5.7333411e-01
   3.4476735e-01   5.7298495e-01
   3.4476735e-01   5.7267666e-01
   3.4476735e-01   5.7240446e-01
   3.4476735e-01   5.7216414e-01
   3.4476735e-01   5.7195199e-01
   3.4476735e-01   5.7176470e-01
   3.4476735e-01   5.7159938e-01
   3.4476735e-01   5.7145344e-01
   3.4476735e-01   5.7132462e-01
   3.4476735e-01   5.7121092e-01
   3.4476735e-01   5.7111056e-01
   3.4476735e-01   5.7102197e-01
   3.4476735e-01   5.7094379e-01
   3.4476735e-01   5.7087479e-01
   3.4476735e-01   5.7081388e-01
   3.4476735e-01   5.7076013e-01
   3.4476735e-01   5.7071269e-01
   3.4476735e-01   5.7067082e-01
   8.0566822e-01   5.7063387e-01
   8.0566822e-01   5.7060126e-01
   8.0566822e-01   5.7057248e-01
   8.0566822e-01   5.7054708e-01
   8.0566822e-01   5.7052466e-01
   8.0566822e-01   5.7213354e-01
   8.0566822e-01   5.7584799e-01
   8.0566822e-01   5.8049021e-01
   8.0566822e-01   5.8538978e-01
   8.0566822e-01   5.9018171e-01
   8.0566822e-01   5.9468069e-01
   8.0566822e-01   5.9880485e-01
   8.0566822e-01   6.0253039e-01
   8.0566822e-01   6.0586495e-01
   8.0566822e-01   6.0883202e-01
   8.0566822e-01   6.1146218e-01
   8.0566822e-01   6.1378808e-01
   8.0566822e-01   6.1584183e-01
   8.0566822e-01   6.1765360e-01
   8.0566822e-01   6.1925101e-01
   8.0566822e-01   6.2065904e-01
   8.0566822e-01   6.2189996e-01
   8.0566822e-01   6.2299357e-01
   8.0566822e-01   6.2395740e-01
   8.0566822e-01   6.2480690e-01
   8.0566822e-01   6.2555570e-01
   8.0566822e-01   6.2621581e-01
   8.0566822e-01   6.2679777e-01
   8.0566822e-01   6.2731091e-01
   8.0566822e-01   6.2776339e-01
   8.0566822e-01   6.2816241e-01
   8.0566822e-01   6.2851433e-01
   8.0566822e-01   6.2882473e-01
   8.0566822e-01   6.2909851e-01
   8.0566822e-01   6.2934002e-01
   8.0566822e-01   6.2955307e-01
   8.0566822e-01   6.2974102e-01
   8.0566822e-01   6.2990683e-01
   8.0566822e-01   6.3005312e-01
   8.0566822e-01   6.3018219e-01
   8.0566822e-01   6.3029607e-01
   8.0566822e-01   6.3039655e-01
   8.0566822e-01   6.3048521e-01
   8.0566822e-01   6.3056344e-01
   8.0566822e-01   6.3063247e-01
   8.0566822e-01   6.3069338e-01
   8.0566822e-01   6.3074713e-01
   8.0566822e-01   6.3079456e-01
   8.0566822e-01   6.3083641e-01
   8.0566822e-01   6.3087335e-01
   6.9150174e-01   6.3090594e-01
   6.9150174e-01   6.3093470e-01
   6.9150174e-01   6.3096008e-01
   6.9150174e-01   6.3098247e-01
   6.9150174e-01   6.3100224e-01
   6.9150174e-01   6.3095017e-01
   6.9150174e-01   6.3080559e-01
   6.9150174e-01   6.3061813e-01
   6.9150174e-01   6.3041633e-01
   6.9150174e-01   6.3021615e-01
   6.9150174e-01   6.3002607e-01
   6.9150174e-01   6.2985016e-01
   6.9150174e-01   6.2968996e-01
   6.9150174e-01   6.2954555e-01
   6.9150174e-01   6.2941627e-01
   6.9150174e-01   6.2930106e-01
   6.9150174e-01   6.2919870e-01
   6.9150174e-01   6.2910795e-01
   6.9150174e-01   6.2902761e-01
   6.9150174e-01   6.2895655e-01
   6.9150174e-01   6.2889373e-01
   6.9150174e-01   6.2883824e-01
   6.9150174e-01   6.2878924e-01
   6.9150174e-01   6.2874596e-01
   6.9150174e-01   6.2870776e-01
   6.9150174e-01   6.2867403e-01
   6.9150174e-01   6.2864427e-01
   6.9150174e-01   6.2861799e-01
   6.9150174e-01   6.2859480e-01
   6.9150174e-01   6.2857434e-01
   6.9150174e-01   6.2855627e-01
   6.9150174e-01   6.2854033e-01
   6.9150174e-01   6.2852626e-01
   6.9150174e-01   6.2851385e-01
   6.9150174e-01   6.2850289e-01
   6.9150174e-01   6.2849322e-01
   6.9150174e-01   6.2848468e-01
   6.9150174e-01   6.2847715e-01
   6.9150174e-01   6.2847051e-01
   6.9150174e-01   6.2846464e-01
   6.9150174e-01   6.2845946e-01
   6.9150174e-01   6.2845490e-01
   6.9150174e-01   6.2845086e-01
   6.9150174e-01   6.2844731e-01
   6.9150174e-01   6.2844417e-01
   6.9150174e-01   6.2844139e-01
   6.9150174e-01   6.2843895e-01
   6.9150174e-01   6.2843679e-01
   6.9150174e-01   6.2843489e-01
   6.9150174e-01   6.2843321e-01
  -2.4401192e-01   6.2843172e-01
  -2.4401192e-01   6.2843041e-01
  -2.4401192e-01   6.2842926e-01
  -2.4401192e-01   6.2842824e-01
  -2.4401192e-01   6.2842734e-01
  -2.4401192e-01   6.0938696e-01
  -2.4401192e-01   5.6312983e-01
  -2.4401192e-01   4.9984241e-01
  -2.4401192e-01   4.2565759e-01
  -2.4401192e-01   3.4486287e-01
  -2.4401192e-01   2.6069620e-01
  -2.4401192e-01   1.7566263e-01
  -2.4401192e-01   9.1686280e-02
  -2.4401192e-01   1.0207557e-02
  -2.4401192e-01  -6.7737840e-02
  -2.4401192e-01  -1.4144808e-01
  -2.4401192e-01  -2.1049105e-01
  -2.4401192e-01  -2.7464749e-01
  -2.4401192e-01  -3.3386197e-01
  -2.4401192e-01  -3.8820176e-01
  -2.4401192e-01  -4.3782291e-01
  -2.4401192e-01  -4.8294307e-01
  -2.4401192e-01  -5.2381989e-01
  -2.4401192e-01  -5.6073426e-01
  -2.4401192e-01  -5.9397757e-01
  -2.4401192e-01  -6.2384209e-01
  -2.4401192e-01  -6.5061414e-01
  -2.4401192e-01  -6.7456911e-01
  -2.4401192e-01  -6.9596828e-01
  -2.4401192e-01  -7.1505677e-01
  -2.4401192e-01  -7.3206248e-01
  -2.4401192e-01  -7.4719575e-01
  -2.4401192e-01  -7.6064950e-01
  -2.4401192e-01  -7.7259975e-01
  -2.4401192e-01  -7.8320641e-01
  -2.4401192e-01  -7.9261419e-01
  -2.4401192e-01  -8.0095365e-01
  -2.4401192e-01  -8.0834223e-01
  -2.4401192e-01  -8.1488531e-01
  -2.4401192e-01  -8.2067730e-01
  -2.4401192e-01  -8.2580256e-01
  -2.4401192e-01  -8.3033640e-01
  -2.4401192e-01  -8.3434594e-01
  -2.4401192e-01  -8.3789094e-01
  -2.4401192e-01  -8.4102453e-01
  -2.4401192e-01  -8.4379392e-01
  -2.4401192e-01  -8.4624104e-01
  -2.4401192e-01  -8.4840305e-01
  -2.4401192e-01  -8.5031292e-01
  -2.4401192e-01  -8.5199986e-01
  -8.1556598e-01  -8.5348974e-01
  -8.1556598e-01  -8.5480545e-01
  -8.1556598e-01  -8.5596727e-01
  -8.1556598e-01  -8.5699312e-01
  -8.1556598e-01  -8.5789886e-01
  -8.1556598e-01  -8.6944380e-01
  -8.1556598e-01  -8.9510180e-01
  -8.1556598e-01  -9.2751769e-01
  -8.1556598e-01  -9.6240804e-01
  -8.1556598e-01  -9.9729157e-01
  -8.1556598e-01  -1.0307719e+00
  -8.1556598e-01  -1.0621126e+00
  -8.1556598e-01  -1.0909786e+00
  -8.1556598e-01  -1.1172753e+00
  -8.1556598e-01  -1.1410494e+00
  -8.1556598e-01  -1.1624264e+00
  -8.1556598e-01  -1.1815722e+00
  -8.1556598e-01  -1.1986696e+00
  -8.1556598e-01  -1.2139041e+00
  -8.1556598e-01  -1.2274559e+00
  -8.1556598e-01  -1.2394949e+00
  -8.1556598e-01  -1.2501790e+00
  -8.1556598e-01  -1.2596527e+00
  -8.1556598e-01  -1.2680473e+00
  -8.1556598e-01  -1.2754816e+00
  -8.1556598e-01  -1.2820623e+00
  -8.1556598e-01  -1.2878852e+00
  -8.1556598e-01  -1.2930357e+00
  -8.1556598e-01  -1.2975902e+00
  -8.1556598e-01  -1.3016167e+00
  -8.1556598e-01  -1.3051755e+00
  -8.1556598e-01  -1.3083205e+00
  -8.1556598e-01  -1.3110992e+00
  -8.1556598e-01  -1.3135540e+00
  -8.1556598e-01  -1.3157224e+00
  -8.1556598e-01  -1.3176376e+00
  -8.1556598e-01  -1.3193289e+00
  -8.1556598e-01  -1.3208225e+00
  -8.1556598e-01  -1.3221413e+00
  -8.1556598e-01  -1.3233057e+00
  -8.1556598e-01  -1.3243338e+00
  -8.1556598e-01  -1.3252414e+00
  -8.1556598e-01  -1.3260426e+00
  -8.1556598e-01  -1.3267499e+00
  -8.1556598e-01  -1.3273743e+00
  -8.1556598e-01  -1.3279254e+00
  -8.1556598e-01  -1.3284118e+00
  -8.1556598e-01  -1.3288412e+00
  -8.1556598e-01  -1.3292202e+00
  -8.1556598e-01  -1.3295547e+00
   3.0682181e-01  -1.3298500e+00
   3.0682181e-01  -1.3301105e+00
   3.0682181e-01  -1.3303405e+00
   3.0682181e-01  -1.3305435e+00
   3.0682181e-01  -1.3307226e+00
   3.0682181e-01  -1.2445578e+00
   3.0682181e-01  -1.0570599e+00
   3.0682181e-01  -8.4169127e-01
   3.0682181e-01  -6.3522405e-01
   3.0682181e-01  -4.5218191e-01
   3.0682181e-01  -2.9587324e-01
   3.0682181e-01  -1.6473520e-01
   3.0682181e-01  -5.5508029e-02
   3.0682181e-01   3.5332724e-02
   3.0682181e-01   1.1100662e-01
   3.0682181e-01   1.7425513e-01
   3.0682181e-01   2.2733619e-01
   3.0682181e-01   2.7208052e-01
   3.0682181e-01   3.0996313e-01
   3.0682181e-01   3.4217127e-01
   3.0682181e-01   3.6966270e-01
   3.0682181e-01   3.9321308e-01
   3.0682181e-01   4.1345382e-01
   3.0682181e-01   4.3090176e-01
   3.0682181e-01   4.4598235e-01
   3.0682181e-01   4.5904789e-01
   3.0682181e-01   4.7039167e-01
   3.0682181e-01   4.8025918e-01
   3.0682181e-01   4.8885694e-01
   3.0682181e-01   4.9635945e-01
   3.0682181e-01   5.0291485e-01
   3.0682181e-01   5.0864937e-01
   3.0682181e-01   5.1367096e-01
   3.0682181e-01   5.1807226e-01
   3.0682181e-01   5.2193298e-01
   3.0682181e-01   5.2532192e-01
   3.0682181e-01   5.2829859e-01
   3.0682181e-01   5.3091461e-01
   3.0682181e-01   5.3321478e-01
   3.0682181e-01   5.3523811e-01
   3.0682181e-01   5.3701860e-01
   3.0682181e-01   5.3858592e-01
   3.0682181e-01   5.3996601e-01
   3.0682181e-01   5.4118154e-01
   3.0682181e-01   5.4225239e-01
   3.0682181e-01   5.4319596e-01
   3.0682181e-01   5.4402755e-01
   3.0682181e-01   5.4476054e-01
   3.0682181e-01   5.4540673e-01
   3.0682181e-01   5.4597647e-01
   1.1568152e-01   5.4647884e-01
   1.1568152e-01   5.4692187e-01
   1.1568152e-01   5.4731259e-01
   1.1568152e-01   5.4765721e-01
   1.1568152e-01   5.4796118e-01
   1.1568152e-01   5.4310262e-01
   1.1568152e-01   5.3139447e-01
   1.1568152e-01   5.1629507e-01
   1.1568152e-01   4.9982973e-01
   1.1568152e-01   4.8319448e-01
   1.1568152e-01   4.6708423e-01
   1.1568152e-01   4.5188420e-01
   1.1568152e-01   4.3778687e-01
   1.1568152e-01   4.2486536e-01
   1.1568152e-01   4.1312012e-01
   1.1568152e-01   4.0250874e-01
   1.1568152e-01   3.9296497e-01
   1.1568152e-01   3.8441071e-01
   1.1568152e-01   3.7676362e-01
   1.1568152e-01   3.6994165e-01
   1.1568152e-01   3.6386585e-01
   1.1568152e-01   3.5846186e-01
   1.1568152e-01   3.5366067e-01
   1.1568152e-01   3.4939895e-01
   1.1568152e-01   3.4561899e-01
   1.1568152e-01   3.4226851e-01
   1.1568152e-01   3.3930037e-01
   1.1568152e-01   3.3667219e-01
   1.1568152e-01   3.3434599e-01
   1.1568152e-01   3.3228782e-01
   1.1568152e-01   3.3046736e-01
   1.1568152e-01   3.2885760e-01
   1.1568152e-01   3.2743449e-01
   1.1568152e-01   3.2617665e-01
   1.1568152e-01   3.2506509e-01
   1.1568152e-01   3.2408296e-01
   1.1568152e-01   3.2321531e-01
   1.1568152e-01   3.2244890e-01
   1.1568152e-01   3.2177198e-01
   1.1568152e-01   3.2117416e-01
   1.1568152e-01   3.2064625e-01
   1.1568152e-01   3.2018011e-01
   1.1568152e-01   3.1976853e-01
   1.1568152e-01   3.1940515e-01
   1.1568152e-01   3.1908435e-01
   1.1568152e-01   3.1880114e-01
   1.1568152e-01   3.1855113e-01
   1.1568152e-01   3.1833044e-01
   1.1568152e-01   3.1813564e-01
   1.1568152e-01   3.1796369e-01
  -2.7687047e-01   3.1781192e-01
  -2.7687047e-01   3.1767795e-01
  -2.7687047e-01   3.1755971e-01
  -2.7687047e-01   3.1745536e-01
  -2.7687047e-01   3.1736325e-01
  -2.7687047e-01   2.9702509e-01
  -2.7687047e-01   2.4855083e-01
  -2.7687047e-01   1.8397223e-01
  -2.7687047e-01   1.1052590e-01
  -2.7687047e-01   3.2960119e-02
  -2.7687047e-01  -4.5479781e-02
  -2.7687047e-01  -1.2256064e-01
  -2.7687047e-01  -1.9677409e-01
  -2.7687047e-01  -2.6714440e-01
  -2.7687047e-01  -3.3308888e-01
  -2.7687047e-01  -3.9431263e-01
  -2.7687047e-01  -4.5072831e-01
  -2.7687047e-01  -5.0239500e-01
  -2.7687047e-01  -5.4947206e-01
  -2.7687047e-01  -5.9218450e-01
  -2.7687047e-01  -6.3079734e-01
  -2.7687047e-01  -6.6559682e-01
  -2.7687047e-01  -6.9687688e-01
  -2.7687047e-01  -7.2492950e-01
  -2.7687047e-01  -7.5003809e-01
  -2.7687047e-01  -7.7247308e-01
  -2.7687047e-01  -7.9248917e-01
  -2.7687047e-01  -8.1032381e-01
  -2.7687047e-01  -8.2619651e-01
  -2.7687047e-01  -8.4030891e-01
  -2.7687047e-01  -8.5284513e-01
  -2.7687047e-01  -8.6397255e-01
  -2.7687047e-01  -8.7384274e-01
  -2.7687047e-01  -8.8259248e-01
  -2.7687047e-01  -8.9034483e-01
  -2.7687047e-01  -8.9721029e-01
  -2.7687047e-01  -9.0328780e-01
  -2.7687047e-01  -9.0866584e-01
  -2.7687047e-01  -9.1342339e-01
  -2.7687047e-01  -9.1763085e-01
  -2.7687047e-01  -9.2135089e-01
  -2.7687047e-01  -9.2463925e-01
  -2.7687047e-01  -9.2754547e-01
  -2.7687047e-01  -9.3011351e-01
  -2.7687047e-01  -9.3238238e-01
  -2.7687047e-01  -9.3438666e-01
  -2.7687047e-01  -9.3615701e-01
  -2.7687047e-01  -9.3772056e-01
  -2.7687047e-01  -9.3910134e-01
  -2.7687047e-01  -9.4032062e-01
