   0.0000000e+00   0.0000000e+00
   0.0000000e+00   0.0000000e+00
   0.0000000e+00   0.0000000e+00
   0.0000000e+00   0.0000000e+00
   0.0000000e+00   0.0000000e+00
   0.0000000e+00   0.0000000e+00
   0.0000000e+00   0.0000000e+00
   0.0000000e+00   0.0000000e+00
   0.0000000e+00   0.0000000e+00
   0.0000000e+00   0.0000000e+00
   0.0000000e+00   0.0000000e+00
   0.0000000e+00   0.0000000e+00
   0.0000000e+00   0.0000000e+00
   0.0000000e+00   0.0000000e+00
   0.0000000e+00   0.0000000e+00
   0.0000000e+00   0.0000000e+00
   0.0000000e+00   0.0000000e+00
   0.0000000e+00   0.0000000e+00
   0.0000000e+00   0.0000000e+00
   0.0000000e+00   0.0000000e+00
   0.0000000e+00   0.0000000e+00
   0.0000000e+00   0.0000000e+00
   0.0000000e+00   0.0000000e+00
   0.0000000e+00   0.0000000e+00
   0.0000000e+00   0.0000000e+00
   0.0000000e+00   0.0000000e+00
   0.0000000e+00   0.0000000e+00
   0.0000000e+00   0.0000000e+00
   0.0000000e+00   0.0000000e+00
   0.0000000e+00   0.0000000e+00
   0.0000000e+00   0.0000000e+00
   0.0000000e+00   0.0000000e+00
   0.0000000e+00   0.0000000e+00
   0.0000000e+00   0.0000000e+00
   0.0000000e+00   0.0000000e+00
   0.0000000e+00   0.0000000e+00
   0.0000000e+00   0.0000000e+00
   0.0000000e+00   0.0000000e+00
   0.0000000e+00   0.0000000e+00
   0.0000000e+00   0.0000000e+00
   0.0000000e+00   0.0000000e+00
   0.0000000e+00   0.0000000e+00
   0.0000000e+00   0.0000000e+00
   0.0000000e+00   0.0000000e+00
   0.0000000e+00   0.0000000e+00
   0.0000000e+00   0.0000000e+00
   0.0000000e+00   0.0000000e+00
   0.0000000e+00   0.0000000e+00
   0.0000000e+00   0.0000000e+00
   0.0000000e+00   0.0000000e+00
  -2.5091976e-01   0.0000000e+00
  -2.5091976e-01   0.0000000e+00
  -2.5091976e-01   0.0000000e+00
  -2.5091976e-01   0.0000000e+00
  -2.5091976e-01   0.0000000e+00
  -2.5091976e-01  -1.7012081e-02
  -2.5091976e-01  -5.7080775e-02
  -2.5091976e-01  -1.0929912e-01
  -2.5091976e-01  -1.6718808e-01
  -2.5091976e-01  -2.2674080e-01
  -2.5091976e-01  -2.8545642e-01
  -2.5091976e-01  -3.4180220e-01
  -2.5091976e-01  -3.9488499e-01
  -2.5091976e-01  -4.4423784e-01
  -2.5091976e-01  -4.8967667e-01
  -2.5091976e-01  -5.3120238e-01
  -2.5091976e-01  -5.6893372e-01
  -2.5091976e-01  -6.0306127e-01
  -2.5091976e-01  -6.3381610e-01
  -2.5091976e-01  -6.6144858e-01
  -2.5091976e-01  -6.8621424e-01
  -2.5091976e-01  -7.0836456e-01
  -2.5091976e-01  -7.2814111e-01
  -2.5091976e-01  -7.4577198e-01
  -2.5091976e-01  -7.6146992e-01
  -2.5091976e-01  -7.7543147e-01
  -2.5091976e-01  -7.8783687e-01
  -2.5091976e-01  -7.9885042e-01
  -2.5091976e-01  -8.0862122e-01
  -2.5091976e-01  -8.1728403e-01
  -2.5091976e-01  -8.2496023e-01
  -2.5091976e-01  -8.3175889e-01
  -2.5091976e-01  -8.3777776e-01
  -2.5091976e-01  -8.4310427e-01
  -2.5091976e-01  -8.4781652e-01
  -2.5091976e-01  -8.5198412e-01
  -2.5091976e-01  -8.5566909e-01
  -2.5091976e-01  -8.5892657e-01
  -2.5091976e-01  -8.6180560e-01
  -2.5091976e-01  -8.6434968e-01
  -2.5091976e-01  -8.6659744e-01
  -2.5091976e-01  -8.6858313e-01
  -2.5091976e-01  -8.7033708e-01
  -2.5091976e-01  -8.7188618e-01
  -2.5091976e-01  -8.7325422e-01
  -2.5091976e-01  -8.7446227e-01
  -2.5091976e-01  -8.7552895e-01
  -2.5091976e-01  -8.7647076e-01
  -2.5091976e-01  -8.7730226e-01
  -2.5091976e-01  -8.7803633e-01
   9.0142861e-01  -8.7868437e-01
   9.0142861e-01  -8.7925643e-01
   9.0142861e-01  -8.7976140e-01
   9.0142861e-01  -8.8020714e-01
   9.0142861e-01  -8.8060058e-01
   9.0142861e-01  -8.1305827e-01
   9.0142861e-01  -6.6540378e-01
   9.0142861e-01  -4.9504864e-01
   9.0142861e-01  -3.3094917e-01
   9.0142861e-01  -1.8476395e-01
   9.0142861e-01  -5.9349924e-02
   9.0142861e-01   4.6323209e-02
   9.0142861e-01   1.3468797e-01
   9.0142861e-01   2.0844045e-01
   9.0142861e-01   2.7007575e-01
   9.0142861e-01   3.2173776e-01
   9.0142861e-01   3.6520486e-01
   9.0142861e-01   4.0192756e-01
   9.0142861e-01   4.3308058e-01
   9.0142861e-01   4.5961380e-01
   9.0142861e-01   4.8229660e-01
   9.0142861e-01   5.0175440e-01
   9.0142861e-01   5.1849800e-01
   9.0142861e-01   5.3294679e-01
   9.0142861e-01   5.4544697e-01
   9.0142861e-01   5.5628593e-01
   9.0142861e-01   5.6570348e-01
   9.0142861e-01   5.7390076e-01
   9.0142861e-01   5.8104730e-01
   9.0142861e-01   5.8728663e-01
   9.0142861e-01   5.9274074e-01
   9.0142861e-01   5.9751376e-01
   9.0142861e-01   6.0169484e-01
   9.0142861e-01   6.0536058e-01
   9.0142861e-01   6.0857695e-01
   9.0142861e-01   6.1140095e-01
   9.0142861e-01   6.1388195e-01
   9.0142861e-01   6.1606274e-01
   9.0142861e-01   6.1798055e-01
   9.0142861e-01   6.1966778e-01
   9.0142861e-01   6.2115271e-01
   9.0142861e-01   6.2246000e-01
   9.0142861e-01   6.2361123e-01
   9.0142861e-01   6.2462528e-01
   9.0142861e-01   6.2551870e-01
   9.0142861e-01   6.2630599e-01
   9.0142861e-01   6.2699988e-01
   9.0142861e-01   6.2761154e-01
   9.0142861e-01   6.2815079e-01
   9.0142861e-01   6.2862625e-01
   4.6398788e-01   6.2904552e-01
   4.6398788e-01   6.2941527e-01
   4.6398788e-01   6.2974137e-01
   4.6398788e-01   6.3002901e-01
   4.6398788e-01   6.3028272e-01
   4.6398788e-01   6.2987996e-01
   4.6398788e-01   6.2863369e-01
   4.6398788e-01   6.2698969e-01
   4.6398788e-01   6.2520518e-01
   4.6398788e-01   6.2342507e-01
   4.6398788e-01   6.2172749e-01
   4.6398788e-01   6.2015097e-01
   4.6398788e-01   6.1871099e-01
   4.6398788e-01   6.1740979e-01
   4.6398788e-01   6.1624238e-01
   4.6398788e-01   6.1520007e-01
   4.6398788e-01   6.1427253e-01
   4.6398788e-01   6.1344901e-01
   4.6398788e-01   6.1271902e-01
   4.6398788e-01   6.1207268e-01
   4.6398788e-01   6.1150085e-01
   4.6398788e-01   6.1099524e-01
   4.6398788e-01   6.1054837e-01
   4.6398788e-01   6.1015354e-01
   4.6398788e-01   6.0980477e-01
   4.6398788e-01   6.0949674e-01
   4.6398788e-01   6.0922473e-01
   4.6398788e-01   6.0898455e-01
   4.6398788e-01   6.0877249e-01
   4.6398788e-01   6.0858528e-01
   4.6398788e-01   6.0842001e-01
   4.6398788e-01   6.0827412e-01
   4.6398788e-01   6.0814534e-01
   4.6398788e-01   6.0803167e-01
   4.6398788e-01   6.0793133e-01
   4.6398788e-01   6.0784277e-01
   4.6398788e-01   6.0776460e-01
   4.6398788e-01   6.0769561e-01
   4.6398788e-01   6.0763472e-01
   4.6398788e-01   6.0758098e-01
   4.6398788e-01   6.0753355e-01
   4.6398788e-01   6.0749169e-01
   4.6398788e-01   6.0745474e-01
   4.6398788e-01   6.0742214e-01
   4.6398788e-01   6.0739336e-01
   4.6398788e-01   6.0736796e-01
   4.6398788e-01   6.0734555e-01
   4.6398788e-01   6.0732577e-01
   4.6398788e-01   6.0730831e-01
   4.6398788e-01   6.0729291e-01
   1.9731697e-01   6.0727931e-01
   1.9731697e-01   6.0726731e-01
   1.9731697e-01   6.0725672e-01
   1.9731697e-01   6.0724738e-01
   1.9731697e-01   6.0723913e-01
   1.9731697e-01   6.0369240e-01
   1.9731697e-01   5.9546061e-01
   1.9731697e-01   5.8495925e-01
   1.9731697e-01   5.7359722e-01
   1.9731697e-01   5.6219523e-01
   1.9731697e-01   5.5121960e-01
   1.9731697e-01   5.4092008e-01
   1.9731697e-01   5.3141396e-01
   1.9731697e-01   5.2273829e-01
   1.9731697e-01   5.1488258e-01
   1.9731697e-01   5.0780932e-01
   1.9731697e-01   5.0146679e-01
   1.9731697e-01   4.9579695e-01
   1.9731697e-01   4.9074026e-01
   1.9731697e-01   4.8623851e-01
   1.9731697e-01   4.8223646e-01
   1.9731697e-01   4.7868264e-01
   1.9731697e-01   4.7552974e-01
   1.9731697e-01   4.7273461e-01
   1.9731697e-01   4.7025818e-01
   1.9731697e-01   4.6806528e-01
   1.9731697e-01   4.6612428e-01
   1.9731697e-01   4.6440691e-01
   1.9731697e-01   4.6288788e-01
   1.9731697e-01   4.6154467e-01
   1.9731697e-01   4.6035722e-01
   1.9731697e-01   4.5930769e-01
   1.9731697e-01   4.5838022e-01
   1.9731697e-01   4.5756076e-01
   1.9731697e-01   4.5683683e-01
   1.9731697e-01   4.5619737e-01
   1.9731697e-01   4.5563258e-01
   1.9731697e-01   4.5513381e-01
   1.9731697e-01   4.5469336e-01
   1.9731697e-01   4.5430444e-01
   1.9731697e-01   4.5396106e-01
   1.9731697e-01   4.5365789e-01
   1.9731697e-01   4.5339024e-01
   1.9731697e-01   4.5315396e-01
   1.9731697e-01   4.5294538e-01
   1.9731697e-01   4.5276127e-01
   1.9731697e-01   4.5259874e-01
   1.9731697e-01   4.5245529e-01
   1.9731697e-01   4.5232866e-01
   1.9731697e-01   4.5221690e-01
  -6.8796272e-01   4.5211826e-01
  -6.8796272e-01   4.5203119e-01
  -6.8796272e-01   4.5195435e-01
  -6.8796272e-01   4.5188653e-01
  -6.8796272e-01   4.5182667e-01
  -6.8796272e-01   4.2825011e-01
  -6.8796272e-01   3.7121984e-01
  -6.8796272e-01   2.9357585e-01
  -6.8796272e-01   2.0305827e-01
  -6.8796272e-01   1.0501990e-01
  -6.8796272e-01   3.4326025e-03
  -6.8796272e-01  -9.8692034e-02
  -6.8796272e-01  -1.9908893e-01
  -6.8796272e-01  -2.9609961e-01
  -6.8796272e-01  -3.8856122e-01
  -6.8796272e-01  -4.7571112e-01
  -6.8796272e-01  -5.5710376e-01
  -6.8796272e-01  -6.3253933e-01
  -6.8796272e-01  -7.0200390e-01
  -6.8796272e-01  -7.6562014e-01
  -6.8796272e-01  -8.2360763e-01
  -6.8796272e-01  -8.7625136e-01
  -6.8796272e-01  -9.2387718e-01
  -6.8796272e-01  -9.6683295e-01
  -6.8796272e-01  -1.0054745e+00
  -6.8796272e-01  -1.0401550e+00
  -6.8796272e-01  -1.0712177e+00
  -6.8796272e-01  -1.0989910e+00
  -6.8796272e-01  -1.1237846e+00
  -6.8796272e-01  -1.1458880e+00
  -6.8796272e-01  -1.1655694e+00
  -6.8796272e-01  -1.1830758e+00
  -6.8796272e-01  -1.1986330e+00
  -6.8796272e-01  -1.2124467e+00
  -6.8796272e-01  -1.2247034e+00
  -6.8796272e-01  -1.2355718e+00
  -6.8796272e-01  -1.2452036e+00
  -6.8796272e-01  -1.2537353e+00
  -6.8796272e-01  -1.2612893e+00
  -6.8796272e-01  -1.2679750e+00
  -6.8796272e-01  -1.2738903e+00
  -6.8796272e-01  -1.2791222e+00
  -6.8796272e-01  -1.2837486e+00
  -6.8796272e-01  -1.2878386e+00
  -6.8796272e-01  -1.2914536e+00
  -6.8796272e-01  -1.2946482e+00
  -6.8796272e-01  -1.2974708e+00
  -6.8796272e-01  -1.2999644e+00
  -6.8796272e-01  -1.3021671e+00
  -6.8796272e-01  -1.3041126e+00
  -6.8801096e-01  -1.3058308e+00
  -6.8801096e-01  -1.3073480e+00
  -6.8801096e-01  -1.3086878e+00
  -6.8801096e-01  -1.3098707e+00
  -6.8801096e-01  -1.3109150e+00
  -6.8801096e-01  -1.3118373e+00
  -6.8801096e-01  -1.3126517e+00
  -6.8801096e-01  -1.3133708e+00
  -6.8801096e-01  -1.3140057e+00
  -6.8801096e-01  -1.3145662e+00
  -6.8801096e-01  -1.3150610e+00
  -6.8801096e-01  -1.3154977e+00
  -6.8801096e-01  -1.3158832e+00
  -6.8801096e-01  -1.3162235e+00
  -6.8801096e-01  -1.3165238e+00
  -6.8801096e-01  -1.3167889e+00
  -6.8801096e-01  -1.3170228e+00
  -6.8801096e-01  -1.3172293e+00
  -6.8801096e-01  -1.3174115e+00
  -6.8801096e-01  -1.3175724e+00
  -6.8801096e-01  -1.3177143e+00
  -6.8801096e-01  -1.3178396e+00
  -6.8801096e-01  -1.3179501e+00
  -6.8801096e-01  -1.3180477e+00
  -6.8801096e-01  -1.3181338e+00
  -6.8801096e-01  -1.3182098e+00
  -6.8801096e-01  -1.3182769e+00
  -6.8801096e-01  -1.3183361e+00
  -6.8801096e-01  -1.3183883e+00
  -6.8801096e-01  -1.3184344e+00
  -6.8801096e-01  -1.3184751e+00
  -6.8801096e-01  -1.3185110e+00
  -6.8801096e-01  -1.3185427e+00
  -6.8801096e-01  -1.3185706e+00
  -6.8801096e-01  -1.3185953e+00
  -6.8801096e-01  -1.3186171e+00
  -6.8801096e-01  -1.3186363e+00
  -6.8801096e-01  -1.3186533e+00
  -6.8801096e-01  -1.3186682e+00
  -6.8801096e-01  -1.3186814e+00
  -6.8801096e-01  -1.3186931e+00
  -6.8801096e-01  -1.3187034e+00
  -6.8801096e-01  -1.3187125e+00
  -6.8801096e-01  -1.3187205e+00
  -6.8801096e-01  -1.3187275e+00
  -6.8801096e-01  -1.3187338e+00
  -6.8801096e-01  -1.3187393e+00
  -6.8801096e-01  -1.3187441e+00
  -6.8801096e-01  -1.3187484e+00
  -6.8801096e-01  -1.3187522e+00
  -8.8383278e-01  -1.3187556e+00
  -8.8383278e-01  -1.3187585e+00
  -8.8383278e-01  -1.3187611e+00
  -8.8383278e-01  -1.3187634e+00
  -8.8383278e-01  -1.3187654e+00
  -8.8383278e-01  -1.3191903e+00
  -8.8383278e-01  -1.3201656e+00
  -8.8383278e-01  -1.3213910e+00
  -8.8383278e-01  -1.3226940e+00
  -8.8383278e-01  -1.3239787e+00
  -8.8383278e-01  -1.3251944e+00
  -8.8383278e-01  -1.3263171e+00
  -8.8383278e-01  -1.3273383e+00
  -8.8383278e-01  -1.3282580e+00
  -8.8383278e-01  -1.3290810e+00
  -8.8383278e-01  -1.3298142e+00
  -8.8383278e-01  -1.3304654e+00
  -8.8383278e-01  -1.3310428e+00
  -8.8383278e-01  -1.3315539e+00
  -8.8383278e-01  -1.3320060e+00
  -8.8383278e-01  -1.3324055e+00
  -8.8383278e-01  -1.3327585e+00
  -8.8383278e-01  -1.3330703e+00
  -8.8383278e-01  -1.3333456e+00
  -8.8383278e-01  -1.3335886e+00
  -8.8383278e-01  -1.3338032e+00
  -8.8383278e-01  -1.3339926e+00
  -8.8383278e-01  -1.3341597e+00
  -8.8383278e-01  -1.3343073e+00
  -8.8383278e-01  -1.3344375e+00
  -8.8383278e-01  -1.3345524e+00
  -8.8383278e-01  -1.3346538e+00
  -8.8383278e-01  -1.3347433e+00
  -8.8383278e-01  -1.3348223e+00
  -8.8383278e-01  -1.3348920e+00
  -8.8383278e-01  -1.3349536e+00
  -8.8383278e-01  -1.3350079e+00
  -8.8383278e-01  -1.3350558e+00
  -8.8383278e-01  -1.3350981e+00
  -8.8383278e-01  -1.3351354e+00
  -8.8383278e-01  -1.3351683e+00
  -8.8383278e-01  -1.3351974e+00
  -8.8383278e-01  -1.3352231e+00
  -8.8383278e-01  -1.3352457e+00
  -8.8383278e-01  -1.3352657e+00
  -8.8383278e-01  -1.3352833e+00
  -8.8383278e-01  -1.3352989e+00
  -8.8383278e-01  -1.3353126e+00
  -8.8383278e-01  -1.3353247e+00
  -8.8383278e-01  -1.3353354e+00
   7.3235229e-01  -1.3353449e+00
   7.3235229e-01  -1.3353532e+00
   7.3235229e-01  -1.3353605e+00
   7.3235229e-01  -1.3353670e+00
   7.3235229e-01  -1.3353727e+00
   7.3235229e-01  -1.2406859e+00
   7.3235229e-01  -1.0360068e+00
   7.3235229e-01  -8.0299635e-01
   7.3235229e-01  -5.8186898e-01
   7.3235229e-01  -3.8784577e-01
   7.3235229e-01  -2.2380361e-01
   7.3235229e-01  -8.7453394e-02
   7.3235229e-01   2.5150193e-02
   7.3235229e-01   1.1807894e-01
   7.3235229e-01   1.9495793e-01
   7.3235229e-01   2.5881773e-01
   7.3235229e-01   3.1211807e-01
   7.3235229e-01   3.5682875e-01
   7.3235229e-01   3.9451979e-01
   7.3235229e-01   4.2644293e-01
   7.3235229e-01   4.5359926e-01
   7.3235229e-01   4.7679331e-01
   7.3235229e-01   4.9667538e-01
   7.3235229e-01   5.1377432e-01
   7.3235229e-01   5.2852298e-01
   7.3235229e-01   5.4127780e-01
   7.3235229e-01   5.5233411e-01
   7.3235229e-01   5.6193800e-01
   7.3235229e-01   5.7029564e-01
   7.3235229e-01   5.7758062e-01
   7.3235229e-01   5.8393977e-01
   7.3235229e-01   5.8949786e-01
   7.3235229e-01   5.9436128e-01
   7.3235229e-01   5.9862109e-01
   7.3235229e-01   6.0235551e-01
   7.3235229e-01   6.0563189e-01
   7.3235229e-01   6.0850837e-01
   7.3235229e-01   6.1103531e-01
   7.3235229e-01   6.1325637e-01
   7.3235229e-01   6.1520950e-01
   7.3235229e-01   6.1692773e-01
   7.3235229e-01   6.1843988e-01
   7.3235229e-01   6.1977110e-01
   7.3235229e-01   6.2094336e-01
   7.3235229e-01   6.2197592e-01
   7.3235229e-01   6.2288562e-01
   7.3235229e-01   6.2368724e-01
   7.3235229e-01   6.2439375e-01
   7.3235229e-01   6.2501652e-01
   7.3235229e-01   6.2556555e-01
   2.0223002e-01   6.2604964e-01
   2.0223002e-01   6.2647651e-01
   2.0223002e-01   6.2685296e-01
   2.0223002e-01   6.2718497e-01
   2.0223002e-01   6.2747781e-01
   2.0223002e-01   6.2387195e-01
   2.0223002e-01   6.1511357e-01
   2.0223002e-01   6.0383161e-01
   2.0223002e-01   5.9156149e-01
   2.0223002e-01   5.7920250e-01
   2.0223002e-01   5.6727035e-01
   2.0223002e-01   5.5604542e-01
   2.0223002e-01   5.4566320e-01
   2.0223002e-01   5.3617058e-01
   2.0223002e-01   5.2756146e-01
   2.0223002e-01   5.1979908e-01
   2.0223002e-01   5.1283018e-01
   2.0223002e-01   5.0659379e-01
   2.0223002e-01   5.0102664e-01
   2.0223002e-01   4.9606642e-01
   2.0223002e-01   4.9165362e-01
   2.0223002e-01   4.8773259e-01
   2.0223002e-01   4.8425197e-01
   2.0223002e-01   4.8116480e-01
   2.0223002e-01   4.7842847e-01
   2.0223002e-01   4.7600448e-01
   2.0223002e-01   4.7385824e-01
   2.0223002e-01   4.7195870e-01
   2.0223002e-01   4.7027812e-01
   2.0223002e-01   4.6879171e-01
   2.0223002e-01   4.6747740e-01
   2.0223002e-01   4.6631553e-01
   2.0223002e-01   4.6528863e-01
   2.0223002e-01   4.6438120e-01
   2.0223002e-01   4.6357945e-01
   2.0223002e-01   4.6287117e-01
   2.0223002e-01   4.6224555e-01
   2.0223002e-01   4.6169300e-01
   2.0223002e-01   4.6120503e-01
   2.0223002e-01   4.6077412e-01
   2.0223002e-01   4.6039364e-01
   2.0223002e-01   4.6005771e-01
   2.0223002e-01   4.5976111e-01
   2.0223002e-01   4.5949927e-01
   2.0223002e-01   4.5926812e-01
   2.0223002e-01   4.5906407e-01
   2.0223002e-01   4.5888395e-01
   2.0223002e-01   4.5872495e-01
   2.0223002e-01   4.5858461e-01
   2.0223002e-01   4.5846074e-01
   4.1614516e-01   4.5835141e-01
   4.1614516e-01   4.5825491e-01
   4.1614516e-01   4.5816973e-01
   4.1614516e-01   4.5809456e-01
   4.1614516e-01   4.5802821e-01
   4.1614516e-01   4.6186977e-01
   4.1614516e-01   4.7071597e-01
   4.1614516e-01   4.8169909e-01
   4.1614516e-01   4.9320076e-01
   4.1614516e-01   5.0435927e-01
   4.1614516e-01   5.1475388e-01
   4.1614516e-01   5.2421286e-01
   4.1614516e-01   5.3270030e-01
   4.1614516e-01   5.4025083e-01
   4.1614516e-01   5.4693260e-01
   4.1614516e-01   5.5282677e-01
   4.1614516e-01   5.5801652e-01
   4.1614516e-01   5.6258136e-01
   4.1614516e-01   5.6659460e-01
   4.1614516e-01   5.7012237e-01
   4.1614516e-01   5.7322357e-01
   4.1614516e-01   5.7595028e-01
   4.1614516e-01   5.7834830e-01
   4.1614516e-01   5.8045785e-01
   4.1614516e-01   5.8231414e-01
   4.1614516e-01   5.8394804e-01
   4.1614516e-01   5.8538658e-01
   4.1614516e-01   5.8665342e-01
   4.1614516e-01   5.8776932e-01
   4.1614516e-01   5.8875246e-01
   4.1614516e-01   5.8961879e-01
   4.1614516e-01   5.9038233e-01
   4.1614516e-01   5.9105537e-01
   4.1614516e-01   5.9164872e-01
   4.1614516e-01   5.9217187e-01
   4.1614516e-01   5.9263318e-01
   4.1614516e-01   5.9304000e-01
   4.1614516e-01   5.9339879e-01
   4.1614516e-01   5.9371524e-01
   4.1614516e-01   5.9399438e-01
   4.1614516e-01   5.9424061e-01
   4.1614516e-01   5.9445783e-01
   4.1614516e-01   5.9464945e-01
   4.1614516e-01   5.9481852e-01
   4.1614516e-01   5.9496767e-01
   4.1614516e-01   5.9509927e-01
   4.1614516e-01   5.9521539e-01
   4.1614516e-01   5.9531784e-01
   4.1614516e-01   5.9540824e-01
   4.1614516e-01   5.9548801e-01
  -9.5883101e-01   5.9555839e-01
  -9.5883101e-01   5.9562050e-01
  -9.5883101e-01   5.9567530e-01
  -9.5883101e-01   5.9572367e-01
  -9.5883101e-01   5.9576634e-01
  -9.5883101e-01   5.7326484e-01
  -9.5883101e-01   5.1819143e-01
  -9.5883101e-01   4.4206977e-01
  -9.5883101e-01   3.5180433e-01
  -9.5883101e-01   2.5233271e-01
  -9.5883101e-01   1.4752753e-01
  -9.5883101e-01   4.0515075e-02
  -9.5883101e-01  -6.6197630e-02
  -9.5883101e-01  -1.7064975e-01
  -9.5883101e-01  -2.7136297e-01
  -9.5883101e-01  -3.6727642e-01
  -9.5883101e-01  -4.5768069e-01
  -9.5883101e-01  -5.4215433e-01
  -9.5883101e-01  -6.2050540e-01
  -9.5883101e-01  -6.9271996e-01
  -9.5883101e-01  -7.5891789e-01
  -9.5883101e-01  -8.1931617e-01
  -9.5883101e-01  -8.7419880e-01
  -9.5883101e-01  -9.2389289e-01
  -9.5883101e-01  -9.6874987e-01
  -9.5883101e-01  -1.0091310e+00
  -9.5883101e-01  -1.0453968e+00
  -9.5883101e-01  -1.0778988e+00
  -9.5883101e-01  -1.1069744e+00
  -9.5883101e-01  -1.1329430e+00
  -9.5883101e-01  -1.1561037e+00
  -9.5883101e-01  -1.1767344e+00
  -9.5883101e-01  -1.1950913e+00
  -9.5883101e-01  -1.2114091e+00
  -9.5883101e-01  -1.2259020e+00
  -9.5883101e-01  -1.2387644e+00
  -9.5883101e-01  -1.2501722e+00
  -9.5883101e-01  -1.2602838e+00
  -9.5883101e-01  -1.2692421e+00
  -9.5883101e-01  -1.2771748e+00
  -9.5883101e-01  -1.2841966e+00
  -9.5883101e-01  -1.2904099e+00
  -9.5883101e-01  -1.2959060e+00
  -9.5883101e-01  -1.3007664e+00
  -9.5883101e-01  -1.3050636e+00
  -9.5883101e-01  -1.3088620e+00
  -9.5883101e-01  -1.3122188e+00
  -9.5883101e-01  -1.3151850e+00
  -9.5883101e-01  -1.3178055e+00
  -9.5883101e-01  -1.3201204e+00
   9.3981970e-01  -1.3221651e+00
   9.3981970e-01  -1.3239709e+00
   9.3981970e-01  -1.3255656e+00
   9.3981970e-01  -1.3269737e+00
   9.3981970e-01  -1.3282171e+00
   9.3981970e-01  -1.2344953e+00
   9.3981970e-01  -1.0304395e+00
   9.3981970e-01  -7.9784162e-01
   9.3981970e-01  -5.7701687e-01
   9.3981970e-01  -3.8323961e-01
   9.3981970e-01  -2.1941026e-01
   9.3981970e-01  -8.3249164e-02
   9.3981970e-01   2.9185222e-02
   9.3981970e-01   1.2196282e-01
   9.3981970e-01   1.9870733e-01
   9.3981970e-01   2.6244797e-01
   9.3981970e-01   3.1564308e-01
   9.3981970e-01   3.6026105e-01
   9.3981970e-01   3.9787056e-01
   9.3981970e-01   4.2972206e-01
   9.3981970e-01   4.5681549e-01
   9.3981970e-01   4.7995433e-01
   9.3981970e-01   4.9978793e-01
   9.3981970e-01   5.1684433e-01
   9.3981970e-01   5.3155562e-01
   9.3981970e-01   5.4427761e-01
   9.3981970e-01   5.5530509e-01
   9.3981970e-01   5.6488363e-01
   9.3981970e-01   5.7321898e-01
   9.3981970e-01   5.8048434e-01
   9.3981970e-01   5.8682625e-01
   9.3981970e-01   5.9236915e-01
   9.3981970e-01   5.9721920e-01
   9.3981970e-01   6.0146725e-01
   9.3981970e-01   6.0519130e-01
   9.3981970e-01   6.0845854e-01
   9.3981970e-01   6.1132697e-01
   9.3981970e-01   6.1384682e-01
   9.3981970e-01   6.1606163e-01
   9.3981970e-01   6.1800924e-01
   9.3981970e-01   6.1972262e-01
   9.3981970e-01   6.2123048e-01
   9.3981970e-01   6.2255791e-01
   9.3981970e-01   6.2372685e-01
   9.3981970e-01   6.2475646e-01
   9.3981970e-01   6.2566357e-01
   9.3981970e-01   6.2646291e-01
   9.3981970e-01   6.2716740e-01
   9.3981970e-01   6.2778839e-01
   9.3981970e-01   6.2833585e-01
   6.6488528e-01   6.2881856e-01
   6.6488528e-01   6.2924421e-01
   6.6488528e-01   6.2961958e-01
   6.6488528e-01   6.2995064e-01
   6.6488528e-01   6.3024264e-01
   6.6488528e-01   6.3037128e-01
   6.6488528e-01   6.3030188e-01
   6.6488528e-01   6.3012965e-01
   6.6488528e-01   6.2991027e-01
   6.6488528e-01   6.2967574e-01
   6.6488528e-01   6.2944389e-01
   6.6488528e-01   6.2922416e-01
   6.6488528e-01   6.2902105e-01
   6.6488528e-01   6.2883621e-01
   6.6488528e-01   6.2866968e-01
   6.6488528e-01   6.2852064e-01
   6.6488528e-01   6.2838784e-01
   6.6488528e-01   6.2826986e-01
   6.6488528e-01   6.2816528e-01
   6.6488528e-01   6.2807269e-01
   6.6488528e-01   6.2799080e-01
   6.6488528e-01   6.2791842e-01
   6.6488528e-01   6.2785448e-01
   6.6488528e-01   6.2779800e-01
   6.6488528e-01   6.2774814e-01
   6.6488528e-01   6.2770412e-01
   6.6488528e-01   6.2766525e-01
   6.6488528e-01   6.2763095e-01
   6.6488528e-01   6.2760067e-01
   6.6488528e-01   6.2757395e-01
   6.6488528e-01   6.2755037e-01
   6.6488528e-01   6.2752955e-01
   6.6488528e-01   6.2751118e-01
   6.6488528e-01   6.2749497e-01
   6.6488528e-01   6.2748066e-01
   6.6488528e-01   6.2746803e-01
   6.6488528e-01   6.2745689e-01
   6.6488528e-01   6.2744706e-01
   6.6488528e-01   6.2743838e-01
   6.6488528e-01   6.2743072e-01
   6.6488528e-01   6.2742396e-01
   6.6488528e-01   6.2741799e-01
   6.6488528e-01   6.2741273e-01
   6.6488528e-01   6.2740808e-01
   6.6488528e-01   6.2740398e-01
   6.6488528e-01   6.2740036e-01
   6.6488528e-01   6.2739717e-01
   6.6488528e-01   6.2739435e-01
   6.6488528e-01   6.2739186e-01
   6.6488528e-01   6.2738967e-01
  -5.7532178e-01   6.2738773e-01
  -5.7532178e-01   6.2738602e-01
  -5.7532178e-01   6.2738451e-01
  -5.7532178e-01   6.2738318e-01
  -5.7532178e-01   6.2738201e-01
  -5.7532178e-01   6.0549614e-01
  -5.7532178e-01   5.5190558e-01
  -5.7532178e-01   4.7767412e-01
  -5.7532178e-01   3.8942112e-01
  -5.7532178e-01   2.9190539e-01
  -5.7532178e-01   1.8889276e-01
  -5.7532178e-01   8.3453427e-02
  -5.7532178e-01  -2.1926410e-02
  -5.7532178e-01  -1.2528343e-01
  -5.7532178e-01  -2.2512257e-01
  -5.7532178e-01  -3.2035849e-01
  -5.7532178e-01  -4.1025427e-01
  -5.7532178e-01  -4.9436082e-01
  -5.7532178e-01  -5.7246031e-01
  -5.7532178e-01  -6.4451558e-01
  -5.7532178e-01  -7.1062639e-01
  -5.7532178e-01  -7.7099269e-01
  -5.7532178e-01  -8.2588444e-01
  -5.7532178e-01  -8.7561733e-01
  -5.7532178e-01  -9.2053369e-01
  -5.7532178e-01  -9.6098768e-01
  -5.7532178e-01  -9.9733421e-01
  -5.7532178e-01  -1.0299207e+00
  -5.7532178e-01  -1.0590816e+00
  -5.7532178e-01  -1.0851338e+00
  -5.7532178e-01  -1.1083751e+00
  -5.7532178e-01  -1.1290823e+00
  -5.7532178e-01  -1.1475109e+00
  -5.7532178e-01  -1.1638954e+00
  -5.7532178e-01  -1.1784498e+00
  -5.7532178e-01  -1.1913685e+00
  -5.7532178e-01  -1.2028276e+00
  -5.7532178e-01  -1.2129859e+00
  -5.7532178e-01  -1.2219862e+00
  -5.7532178e-01  -1.2299569e+00
  -5.7532178e-01  -1.2370129e+00
  -5.7532178e-01  -1.2432567e+00
  -5.7532178e-01  -1.2487802e+00
  -5.7532178e-01  -1.2536651e+00
  -5.7532178e-01  -1.2579841e+00
  -5.7532178e-01  -1.2618019e+00
  -5.7532178e-01  -1.2651761e+00
  -5.7532178e-01  -1.2681576e+00
  -5.7532178e-01  -1.2707918e+00
  -5.7532178e-01  -1.2731188e+00
  -6.3635007e-01  -1.2751743e+00
  -6.3635007e-01  -1.2769896e+00
  -6.3635007e-01  -1.2785927e+00
  -6.3635007e-01  -1.2800083e+00
  -6.3635007e-01  -1.2812583e+00
  -6.3635007e-01  -1.2828183e+00
  -6.3635007e-01  -1.2848439e+00
  -6.3635007e-01  -1.2870263e+00
  -6.3635007e-01  -1.2891927e+00
  -6.3635007e-01  -1.2912511e+00
  -6.3635007e-01  -1.2931570e+00
  -6.3635007e-01  -1.2948936e+00
  -6.3635007e-01  -1.2964596e+00
  -6.3635007e-01  -1.2978621e+00
  -6.3635007e-01  -1.2991124e+00
  -6.3635007e-01  -1.3002235e+00
  -6.3635007e-01  -1.3012089e+00
  -6.3635007e-01  -1.3020815e+00
  -6.3635007e-01  -1.3028534e+00
  -6.3635007e-01  -1.3035358e+00
  -6.3635007e-01  -1.3041388e+00
  -6.3635007e-01  -1.3046714e+00
  -6.3635007e-01  -1.3051417e+00
  -6.3635007e-01  -1.3055570e+00
  -6.3635007e-01  -1.3059236e+00
  -6.3635007e-01  -1.3062473e+00
  -6.3635007e-01  -1.3065329e+00
  -6.3635007e-01  -1.3067851e+00
  -6.3635007e-01  -1.3070076e+00
  -6.3635007e-01  -1.3072041e+00
  -6.3635007e-01  -1.3073774e+00
  -6.3635007e-01  -1.3075304e+00
  -6.3635007e-01  -1.3076655e+00
  -6.3635007e-01  -1.3077847e+00
  -6.3635007e-01  -1.3078898e+00
  -6.3635007e-01  -1.3079827e+00
  -6.3635007e-01  -1.3080646e+00
  -6.3635007e-01  -1.3081369e+00
  -6.3635007e-01  -1.3082007e+00
  -6.3635007e-01  -1.3082570e+00
  -6.3635007e-01  -1.3083067e+00
  -6.3635007e-01  -1.3083505e+00
  -6.3635007e-01  -1.3083893e+00
  -6.3635007e-01  -1.3084234e+00
  -6.3635007e-01  -1.3084536e+00
  -6.3635007e-01  -1.3084802e+00
  -6.3635007e-01  -1.3085036e+00
  -6.3635007e-01  -1.3085243e+00
  -6.3635007e-01  -1.3085426e+00
  -6.3635007e-01  -1.3085588e+00
  -6.3319098e-01  -1.3085730e+00
  -6.3319098e-01  -1.3085856e+00
  -6.3319098e-01  -1.3085967e+00
  -6.3319098e-01  -1.3086064e+00
  -6.3319098e-01  -1.3086151e+00
  -6.3319098e-01  -1.3086036e+00
  -6.3319098e-01  -1.3085662e+00
  -6.3319098e-01  -1.3085168e+00
  -6.3319098e-01  -1.3084633e+00
  -6.3319098e-01  -1.3084099e+00
  -6.3319098e-01  -1.3083592e+00
  -6.3319098e-01  -1.3083122e+00
  -6.3319098e-01  -1.3082693e+00
  -6.3319098e-01  -1.3082307e+00
  -6.3319098e-01  -1.3081961e+00
  -6.3319098e-01  -1.3081653e+00
  -6.3319098e-01  -1.3081379e+00
  -6.3319098e-01  -1.3081136e+00
  -6.3319098e-01  -1.3080921e+00
  -6.3319098e-01  -1.3080731e+00
  -6.3319098e-01  -1.3080563e+00
  -6.3319098e-01  -1.3080415e+00
  -6.3319098e-01  -1.3080284e+00
  -6.3319098e-01  -1.3080168e+00
  -6.3319098e-01  -1.3080066e+00
  -6.3319098e-01  -1.3079976e+00
  -6.3319098e-01  -1.3079896e+00
  -6.3319098e-01  -1.3079826e+00
  -6.3319098e-01  -1.3079764e+00
  -6.3319098e-01  -1.3079709e+00
  -6.3319098e-01  -1.3079661e+00
  -6.3319098e-01  -1.3079618e+00
  -6.3319098e-01  -1.3079581e+00
  -6.3319098e-01  -1.3079548e+00
  -6.3319098e-01  -1.3079518e+00
  -6.3319098e-01  -1.3079492e+00
  -6.3319098e-01  -1.3079470e+00
  -6.3319098e-01  -1.3079450e+00
  -6.3319098e-01  -1.3079432e+00
  -6.3319098e-01  -1.3079416e+00
  -6.3319098e-01  -1.3079402e+00
  -6.3319098e-01  -1.3079390e+00
  -6.3319098e-01  -1.3079379e+00
  -6.3319098e-01  -1.3079370e+00
  -6.3319098e-01  -1.3079361e+00
  -6.3319098e-01  -1.3079354e+00
  -6.3319098e-01  -1.3079347e+00
  -6.3319098e-01  -1.3079342e+00
  -6.3319098e-01  -1.3079337e+00
  -6.3319098e-01  -1.3079332e+00
  -3.9151551e-01  -1.3079328e+00
  -3.9151551e-01  -1.3079325e+00
  -3.9151551e-01  -1.3079322e+00
  -3.9151551e-01  -1.3079319e+00
  -3.9151551e-01  -1.3079316e+00
  -3.9151551e-01  -1.3039228e+00
  -3.9151551e-01  -1.2947225e+00
  -3.9151551e-01  -1.2832111e+00
  -3.9151551e-01  -1.2710327e+00
  -3.9151551e-01  -1.2590893e+00
  -3.9151551e-01  -1.2478454e+00
  -3.9151551e-01  -1.2375112e+00
  -3.9151551e-01  -1.2281533e+00
  -3.9151551e-01  -1.2197589e+00
  -3.9151551e-01  -1.2122747e+00
  -3.9151551e-01  -1.2056285e+00
  -3.9151551e-01  -1.1997417e+00
  -3.9151551e-01  -1.1945364e+00
  -3.9151551e-01  -1.1899386e+00
  -3.9151551e-01  -1.1858803e+00
  -3.9151551e-01  -1.1822996e+00
  -3.9151551e-01  -1.1791412e+00
  -3.9151551e-01  -1.1763555e+00
  -3.9151551e-01  -1.1738988e+00
  -3.9151551e-01  -1.1717321e+00
  -3.9151551e-01  -1.1698213e+00
  -3.9151551e-01  -1.1681361e+00
  -3.9151551e-01  -1.1666497e+00
  -3.9151551e-01  -1.1653386e+00
  -3.9151551e-01  -1.1641822e+00
  -3.9151551e-01  -1.1631620e+00
  -3.9151551e-01  -1.1622621e+00
  -3.9151551e-01  -1.1614682e+00
  -3.9151551e-01  -1.1607678e+00
  -3.9151551e-01  -1.1601498e+00
  -3.9151551e-01  -1.1596046e+00
  -3.9151551e-01  -1.1591236e+00
  -3.9151551e-01  -1.1586992e+00
  -3.9151551e-01  -1.1583247e+00
  -3.9151551e-01  -1.1579942e+00
  -3.9151551e-01  -1.1577026e+00
  -3.9151551e-01  -1.1574453e+00
  -3.9151551e-01  -1.1572183e+00
  -3.9151551e-01  -1.1570179e+00
  -3.9151551e-01  -1.1568412e+00
  -3.9151551e-01  -1.1566852e+00
  -3.9151551e-01  -1.1565475e+00
  -3.9151551e-01  -1.1564260e+00
  -3.9151551e-01  -1.1563188e+00
  -3.9151551e-01  -1.1562242e+00
   4.9512863e-02  -1.1561407e+00
   4.9512863e-02  -1.1560670e+00
   4.9512863e-02  -1.1560020e+00
   4.9512863e-02  -1.1559447e+00
   4.9512863e-02  -1.1558940e+00
   4.9512863e-02  -1.1075386e+00
   4.9512863e-02  -1.0000619e+00
   4.9512863e-02  -8.7210623e-01
   4.9512863e-02  -7.4424355e-01
   4.9512863e-02  -6.2595964e-01
   4.9512863e-02  -5.2070756e-01
   4.9512863e-02  -4.2893874e-01
   4.9512863e-02  -3.4975722e-01
   4.9512863e-02  -2.8176706e-01
   4.9512863e-02  -2.2348122e-01
   4.9512863e-02  -1.7350283e-01
   4.9512863e-02  -1.3059296e-01
   4.9512863e-02  -9.3684512e-02
   4.9512863e-02  -6.1872209e-02
   4.9512863e-02  -3.4393740e-02
   4.9512863e-02  -1.0609012e-02
   4.9512863e-02   1.0019381e-02
   4.9512863e-02   2.7943320e-02
   4.9512863e-02   4.3543719e-02
   4.9512863e-02   5.7142643e-02
   4.9512863e-02   6.9013287e-02
   4.9512863e-02   7.9388165e-02
   4.9512863e-02   8.8465809e-02
   4.9512863e-02   9.6416269e-02
   4.9512863e-02   1.0338563e-01
   4.9512863e-02   1.0949971e-01
   4.9512863e-02   1.1486718e-01
   4.9512863e-02   1.1958210e-01
   4.9512863e-02   1.2372604e-01
   4.9512863e-02   1.2736989e-01
   4.9512863e-02   1.3057535e-01
   4.9512863e-02   1.3339622e-01
   4.9512863e-02   1.3587946e-01
   4.9512863e-02   1.3806613e-01
   4.9512863e-02   1.3999213e-01
   4.9512863e-02   1.4168892e-01
   4.9512863e-02   1.4318408e-01
   4.9512863e-02   1.4450181e-01
   4.9512863e-02   1.4566334e-01
   4.9512863e-02   1.4668733e-01
   4.9512863e-02   1.4759017e-01
   4.9512863e-02   1.4838629e-01
   4.9512863e-02   1.4908836e-01
   4.9512863e-02   1.4970755e-01
   4.9512863e-02   1.5025368e-01
  -1.3610996e-01   1.5073541e-01
  -1.3610996e-01   1.5116035e-01
  -1.3610996e-01   1.5153521e-01
  -1.3610996e-01   1.5186592e-01
  -1.3610996e-01   1.5215768e-01
  -1.3610996e-01   1.3922594e-01
  -1.3610996e-01   1.0847852e-01
  -1.3610996e-01   6.8488659e-02
  -1.3610996e-01   2.4330834e-02
  -1.3610996e-01  -2.0893294e-02
  -1.3610996e-01  -6.5282068e-02
  -1.3610996e-01  -1.0769764e-01
  -1.3610996e-01  -1.4749913e-01
  -1.3610996e-01  -1.8437078e-01
  -1.3610996e-01  -2.1820813e-01
  -1.3610996e-01  -2.4904161e-01
  -1.3610996e-01  -2.7698514e-01
  -1.3610996e-01  -3.0220153e-01
  -1.3610996e-01  -3.2487944e-01
  -1.3610996e-01  -3.4521814e-01
  -1.3610996e-01  -3.6341756e-01
  -1.3610996e-01  -3.7967202e-01
  -1.3610996e-01  -3.9416639e-01
  -1.3610996e-01  -4.0707390e-01
  -1.3610996e-01  -4.1855511e-01
  -1.3610996e-01  -4.2875755e-01
  -1.3610996e-01  -4.3781593e-01
  -1.3610996e-01  -4.4585259e-01
  -1.3610996e-01  -4.5297818e-01
  -1.3610996e-01  -4.5929243e-01
  -1.3610996e-01  -4.6488498e-01
  -1.3610996e-01  -4.6983616e-01
  -1.3610996e-01  -4.7421787e-01
  -1.3610996e-01  -4.7809433e-01
  -1.3610996e-01  -4.8152277e-01
  -1.3610996e-01  -4.8455421e-01
  -1.3610996e-01  -4.8723401e-01
  -1.3610996e-01  -4.8960247e-01
  -1.3610996e-01  -4.9169540e-01
  -1.3610996e-01  -4.9354457e-01
  -1.3610996e-01  -4.9517814e-01
  -1.3610996e-01  -4.9662108e-01
  -1.3610996e-01  -4.9789549e-01
  -1.3610996e-01  -4.9902095e-01
  -1.3610996e-01  -5.0001479e-01
  -1.3610996e-01  -5.0089234e-01
  -1.3610996e-01  -5.0166715e-01
  -1.3610996e-01  -5.0235122e-01
  -1.3610996e-01  -5.0295513e-01
  -1.3610996e-01  -5.0348827e-01
  -4.1754172e-01  -5.0395890e-01
  -4.1754172e-01  -5.0437433e-01
  -4.1754172e-01  -5.0474104e-01
  -4.1754172e-01  -5.0506473e-01
  -4.1754172e-01  -5.0535043e-01
  -4.1754172e-01  -5.2022407e-01
  -4.1754172e-01  -5.5457676e-01
  -4.1754172e-01  -5.9862451e-01
  -4.1754172e-01  -6.4662233e-01
  -4.1754172e-01  -6.9515701e-01
  -4.1754172e-01  -7.4222773e-01
  -4.1754172e-01  -7.8671162e-01
  -4.1754172e-01  -8.2803649e-01
  -4.1754172e-01  -8.6597444e-01
  -4.1754172e-01  -9.0050957e-01
  -4.1754172e-01  -9.3175278e-01
  -4.1754172e-01  -9.5988692e-01
  -4.1754172e-01  -9.8513169e-01
  -4.1754172e-01  -1.0077214e+00
  -4.1754172e-01  -1.0278914e+00
  -4.1754172e-01  -1.0458691e+00
  -4.1754172e-01  -1.0618701e+00
  -4.1754172e-01  -1.0760949e+00
  -4.1754172e-01  -1.0887282e+00
  -4.1754172e-01  -1.0999387e+00
  -4.1754172e-01  -1.1098797e+00
  -4.1754172e-01  -1.1186896e+00
  -4.1754172e-01  -1.1264931e+00
  -4.1754172e-01  -1.1334019e+00
  -4.1754172e-01  -1.1395162e+00
  -4.1754172e-01  -1.1449256e+00
  -4.1754172e-01  -1.1497099e+00
  -4.1754172e-01  -1.1539402e+00
  -4.1754172e-01  -1.1576798e+00
  -4.1754172e-01  -1.1609849e+00
  -4.1754172e-01  -1.1639056e+00
  -4.1754172e-01  -1.1664861e+00
  -4.1754172e-01  -1.1687657e+00
  -4.1754172e-01  -1.1707793e+00
  -4.1754172e-01  -1.1725577e+00
  -4.1754172e-01  -1.1741283e+00
  -4.1754172e-01  -1.1755152e+00
  -4.1754172e-01  -1.1767398e+00
  -4.1754172e-01  -1.1778210e+00
  -4.1754172e-01  -1.1787756e+00
  -4.1754172e-01  -1.1796184e+00
  -4.1754172e-01  -1.1803624e+00
  -4.1754172e-01  -1.1810191e+00
  -4.1754172e-01  -1.1815988e+00
  -4.1754172e-01  -1.1821106e+00
   2.2370579e-01  -1.1825623e+00
   2.2370579e-01  -1.1829610e+00
   2.2370579e-01  -1.1833129e+00
   2.2370579e-01  -1.1836235e+00
   2.2370579e-01  -1.1838976e+00
   2.2370579e-01  -1.1121812e+00
   2.2370579e-01  -9.5492991e-01
   2.2370579e-01  -7.7236062e-01
   2.2370579e-01  -5.9519185e-01
   2.2370579e-01  -4.3615807e-01
   2.2370579e-01  -2.9871101e-01
   2.2370579e-01  -1.8209623e-01
   2.2370579e-01  -8.3962189e-02
   2.2370579e-01  -1.5847031e-03
   2.2370579e-01   6.7614032e-02
   2.2370579e-01   1.2588295e-01
   2.2370579e-01   1.7510986e-01
   2.2370579e-01   2.1684987e-01
   2.2370579e-01   2.5237323e-01
   2.2370579e-01   2.8271485e-01
   2.2370579e-01   3.0871866e-01
   2.2370579e-01   3.3107489e-01
   2.2370579e-01   3.5035039e-01
   2.2370579e-01   3.6701290e-01
   2.2370579e-01   3.8145031e-01
   2.2370579e-01   3.9398594e-01
   2.2370579e-01   4.0489065e-01
   2.2370579e-01   4.1439238e-01
   2.2370579e-01   4.2268385e-01
   2.2370579e-01   4.2992870e-01
   2.2370579e-01   4.3626636e-01
   2.2370579e-01   4.4181614e-01
   2.2370579e-01   4.4668038e-01
   2.2370579e-01   4.5094719e-01
   2.2370579e-01   4.5469259e-01
   2.2370579e-01   4.5798237e-01
   2.2370579e-01   4.6087354e-01
   2.2370579e-01   4.6341565e-01
   2.2370579e-01   4.6565179e-01
   2.2370579e-01   4.6761956e-01
   2.2370579e-01   4.6935173e-01
   2.2370579e-01   4.7087697e-01
   2.2370579e-01   4.7222035e-01
   2.2370579e-01   4.7340382e-01
   2.2370579e-01   4.7444664e-01
   2.2370579e-01   4.7536569e-01
   2.2370579e-01   4.7617578e-01
   2.2370579e-01   4.7688993e-01
   2.2370579e-01   4.7751958e-01
   2.2370579e-01   4.7807479e-01
  -7.2101228e-01   4.7856442e-01
  -7.2101228e-01   4.7899623e-01
  -7.2101228e-01   4.7937709e-01
  -7.2101228e-01   4.7971304e-01
  -7.2101228e-01   4.8000938e-01
  -7.2101228e-01   4.5680990e-01
  -7.2101228e-01   4.0013387e-01
  -7.2101228e-01   3.2265380e-01
  -7.2101228e-01   2.3199668e-01
  -7.2101228e-01   1.3346690e-01
  -7.2101228e-01   3.1039304e-02
  -7.2101228e-01  -7.2237384e-02
  -7.2101228e-01  -1.7404205e-01
  -7.2101228e-01  -2.7265293e-01
  -7.2101228e-01  -3.6684467e-01
  -7.2101228e-01  -4.5579765e-01
  -7.2101228e-01  -5.3901739e-01
  -7.2101228e-01  -6.1626406e-01
  -7.2101228e-01  -6.8749242e-01
  -7.2101228e-01  -7.5280181e-01
  -7.2101228e-01  -8.1239541e-01
  -7.2101228e-01  -8.6654760e-01
  -7.2101228e-01  -9.1557836e-01
  -7.2101228e-01  -9.5983340e-01
  -7.2101228e-01  -9.9966918e-01
  -7.2101228e-01  -1.0354417e+00
  -7.2101228e-01  -1.0674986e+00
  -7.2101228e-01  -1.0961733e+00
  -7.2101228e-01  -1.1217816e+00
  -7.2101228e-01  -1.1446191e+00
  -7.2101228e-01  -1.1649603e+00
  -7.2101228e-01  -1.1830584e+00
  -7.2101228e-01  -1.1991453e+00
  -7.2101228e-01  -1.2134322e+00
  -7.2101228e-01  -1.2261112e+00
  -7.2101228e-01  -1.2373558e+00
  -7.2101228e-01  -1.2473224e+00
  -7.2101228e-01  -1.2561519e+00
  -7.2101228e-01  -1.2639703e+00
  -7.2101228e-01  -1.2708908e+00
  -7.2101228e-01  -1.2770142e+00
  -7.2101228e-01  -1.2824308e+00
  -7.2101228e-01  -1.2872207e+00
  -7.2101228e-01  -1.2914555e+00
  -7.2101228e-01  -1.2951987e+00
  -7.2101228e-01  -1.2985068e+00
  -7.2101228e-01  -1.3014298e+00
  -7.2101228e-01  -1.3040122e+00
  -7.2101228e-01  -1.3062933e+00
  -7.2101228e-01  -1.3083082e+00
  -4.1571070e-01  -1.3100876e+00
  -4.1571070e-01  -1.3116591e+00
  -4.1571070e-01  -1.3130467e+00
  -4.1571070e-01  -1.3142718e+00
  -4.1571070e-01  -1.3153536e+00
  -4.1571070e-01  -1.3126599e+00
  -4.1571070e-01  -1.3051230e+00
  -4.1571070e-01  -1.2953730e+00
  -4.1571070e-01  -1.2849176e+00
  -4.1571070e-01  -1.2745902e+00
  -4.1571070e-01  -1.2648252e+00
  -4.1571070e-01  -1.2558246e+00
  -4.1571070e-01  -1.2476581e+00
  -4.1571070e-01  -1.2403219e+00
  -4.1571070e-01  -1.2337743e+00
  -4.1571070e-01  -1.2279551e+00
  -4.1571070e-01  -1.2227976e+00
  -4.1571070e-01  -1.2182349e+00
  -4.1571070e-01  -1.2142031e+00
  -4.1571070e-01  -1.2106431e+00
  -4.1571070e-01  -1.2075013e+00
  -4.1571070e-01  -1.2047294e+00
  -4.1571070e-01  -1.2022841e+00
  -4.1571070e-01  -1.2001272e+00
  -4.1571070e-01  -1.1982248e+00
  -4.1571070e-01  -1.1965467e+00
  -4.1571070e-01  -1.1950666e+00
  -4.1571070e-01  -1.1937610e+00
  -4.1571070e-01  -1.1926094e+00
  -4.1571070e-01  -1.1915934e+00
  -4.1571070e-01  -1.1906972e+00
  -4.1571070e-01  -1.1899065e+00
  -4.1571070e-01  -1.1892090e+00
  -4.1571070e-01  -1.1885936e+00
  -4.1571070e-01  -1.1880506e+00
  -4.1571070e-01  -1.1875715e+00
  -4.1571070e-01  -1.1871488e+00
  -4.1571070e-01  -1.1867758e+00
  -4.1571070e-01  -1.1864467e+00
  -4.1571070e-01  -1.1861563e+00
  -4.1571070e-01  -1.1859000e+00
  -4.1571070e-01  -1.1856739e+00
  -4.1571070e-01  -1.1854744e+00
  -4.1571070e-01  -1.1852983e+00
  -4.1571070e-01  -1.1851429e+00
  -4.1571070e-01  -1.1850058e+00
  -4.1571070e-01  -1.1848848e+00
  -4.1571070e-01  -1.1847780e+00
  -4.1571070e-01  -1.1846838e+00
  -4.1571070e-01  -1.1846007e+00
  -2.6727631e-01  -1.1845273e+00
  -2.6727631e-01  -1.1844625e+00
  -2.6727631e-01  -1.1844054e+00
  -2.6727631e-01  -1.1843550e+00
  -2.6727631e-01  -1.1843105e+00
  -2.6727631e-01  -1.1773149e+00
  -2.6727631e-01  -1.1613503e+00
  -2.6727631e-01  -1.1414566e+00
  -2.6727631e-01  -1.1204985e+00
  -2.6727631e-01  -1.1000307e+00
  -2.6727631e-01  -1.0808381e+00
  -2.6727631e-01  -1.0632635e+00
  -2.6727631e-01  -1.0474027e+00
  -2.6727631e-01  -1.0332183e+00
  -2.6727631e-01  -1.0206063e+00
  -2.6727631e-01  -1.0094337e+00
  -2.6727631e-01  -9.9955919e-01
  -2.6727631e-01  -9.9084447e-01
  -2.6727631e-01  -9.8315998e-01
  -2.6727631e-01  -9.7638725e-01
  -2.6727631e-01  -9.7041957e-01
  -2.6727631e-01  -9.6516172e-01
  -2.6727631e-01  -9.6052925e-01
  -2.6727631e-01  -9.5644751e-01
  -2.6727631e-01  -9.5285068e-01
  -2.6727631e-01  -9.4968079e-01
  -2.6727631e-01  -9.4688684e-01
  -2.6727631e-01  -9.4442395e-01
  -2.6727631e-01  -9.4225265e-01
  -2.6727631e-01  -9.4033821e-01
  -2.6727631e-01  -9.3865009e-01
  -2.6727631e-01  -9.3716139e-01
  -2.6727631e-01  -9.3584846e-01
  -2.6727631e-01  -9.3469046e-01
  -2.6727631e-01  -9.3366903e-01
  -2.6727631e-01  -9.3276802e-01
  -2.6727631e-01  -9.3197320e-01
  -2.6727631e-01  -9.3127201e-01
  -2.6727631e-01  -9.3065340e-01
  -2.6727631e-01  -9.3010763e-01
  -2.6727631e-01  -9.2962610e-01
  -2.6727631e-01  -9.2920125e-01
  -2.6727631e-01  -9.2882638e-01
  -2.6727631e-01  -9.2849561e-01
  -2.6727631e-01  -9.2820375e-01
  -2.6727631e-01  -9.2794622e-01
  -2.6727631e-01  -9.2771898e-01
  -2.6727631e-01  -9.2751845e-01
  -2.6727631e-01  -9.2734151e-01
  -2.6727631e-01  -9.2718536e-01
  -8.7860032e-02  -9.2704758e-01
  -8.7860032e-02  -9.2692599e-01
  -8.7860032e-02  -9.2681869e-01
  -8.7860032e-02  -9.2672400e-01
  -8.7860032e-02  -9.2664045e-01
  -8.7860032e-02  -9.0855528e-01
  -8.7860032e-02  -8.6762262e-01
  -8.7860032e-02  -8.1734158e-01
  -8.7860032e-02  -7.6524209e-01
  -8.7860032e-02  -7.1521963e-01
  -8.7860032e-02  -6.6907879e-01
  -8.7860032e-02  -6.2747281e-01
  -8.7860032e-02  -5.9044959e-01
  -8.7860032e-02  -5.5775956e-01
  -8.7860032e-02  -5.2902458e-01
  -8.7860032e-02  -5.0382802e-01
  -8.7860032e-02  -4.8176050e-01
  -8.7860032e-02  -4.6244147e-01
  -8.7860032e-02  -4.4552764e-01
  -8.7860032e-02  -4.3071460e-01
  -8.7860032e-02  -4.1773510e-01
  -8.7860032e-02  -4.0635581e-01
  -8.7860032e-02  -3.9637364e-01
  -8.7860032e-02  -3.8761201e-01
  -8.7860032e-02  -3.7991748e-01
  -8.7860032e-02  -3.7315662e-01
  -8.7860032e-02  -3.6721333e-01
  -8.7860032e-02  -3.6198652e-01
  -8.7860032e-02  -3.5738803e-01
  -8.7860032e-02  -3.5334092e-01
  -8.7860032e-02  -3.4977797e-01
  -8.7860032e-02  -3.4664038e-01
  -8.7860032e-02  -3.4387670e-01
  -8.7860032e-02  -3.4144182e-01
  -8.7860032e-02  -3.3929622e-01
  -8.7860032e-02  -3.3740520e-01
  -8.7860032e-02  -3.3573829e-01
  -8.7860032e-02  -3.3426875e-01
  -8.7860032e-02  -3.3297305e-01
  -8.7860032e-02  -3.3183049e-01
  -8.7860032e-02  -3.3082290e-01
  -8.7860032e-02  -3.2993424e-01
  -8.7860032e-02  -3.2915044e-01
  -8.7860032e-02  -3.2845906e-01
  -8.7860032e-02  -3.2784918e-01
  -8.7860032e-02  -3.2731116e-01
  -8.7860032e-02  -3.2683652e-01
  -8.7860032e-02  -3.2641777e-01
  -8.7860032e-02  -3.2604832e-01
  -8.7860032e-02  -3.2572235e-01
   5.7035192e-01  -3.2543474e-01
   5.7035192e-01  -3.2518098e-01
   5.7035192e-01  -3.2495706e-01
   5.7035192e-01  -3.2475948e-01
   5.7035192e-01  -3.2458514e-01
   5.7035192e-01  -2.8724238e-01
   5.7035192e-01  -2.0495010e-01
   5.7035192e-01  -1.0802361e-01
   5.7035192e-01  -1.2328591e-02
   5.7035192e-01   7.5118272e-02
   5.7035192e-01   1.5201652e-01
   5.7035192e-01   2.1832798e-01
   5.7035192e-01   2.7496870e-01
   5.7035192e-01   3.2316145e-01
   5.7035192e-01   3.6413819e-01
   5.7035192e-01   3.9901837e-01
   5.7035192e-01   4.2877117e-01
   5.7035192e-01   4.5421542e-01
   5.7035192e-01   4.7603465e-01
   5.7035192e-01   4.9479639e-01
   5.7035192e-01   5.1097134e-01
   5.7035192e-01   5.2495037e-01
   5.7035192e-01   5.3705889e-01
   5.7035192e-01   5.4756876e-01
   5.7035192e-01   5.5670802e-01
   5.7035192e-01   5.6466868e-01
   5.7035192e-01   5.7161308e-01
   5.7035192e-01   5.7767905e-01
   5.7035192e-01   5.8298396e-01
   5.7035192e-01   5.8762819e-01
   5.7035192e-01   5.9169780e-01
   5.7035192e-01   5.9526685e-01
   5.7035192e-01   5.9839918e-01
   5.7035192e-01   6.0115001e-01
   5.7035192e-01   6.0356718e-01
   5.7035192e-01   6.0569224e-01
   5.7035192e-01   6.0756132e-01
   5.7035192e-01   6.0920591e-01
   5.7035192e-01   6.1065346e-01
   5.7035192e-01   6.1192799e-01
   5.7035192e-01   6.1305046e-01
   5.7035192e-01   6.1403927e-01
   5.7035192e-01   6.1491051e-01
   5.7035192e-01   6.1567830e-01
   5.7035192e-01   6.1635504e-01
   5.7035192e-01   6.1695161e-01
   5.7035192e-01   6.1747758e-01
   5.7035192e-01   6.1794135e-01
   5.7035192e-01   6.1835032e-01
   5.7035192e-01   6.1871100e-01
  -6.0065244e-01   6.1902911e-01
  -6.0065244e-01   6.1930971e-01
  -6.0065244e-01   6.1955721e-01
  -6.0065244e-01   6.1977555e-01
  -6.0065244e-01   6.1996817e-01
  -6.0065244e-01   5.9808348e-01
  -6.0065244e-01   5.4426376e-01
  -6.0065244e-01   4.6970032e-01
  -6.0065244e-01   3.8108674e-01
  -6.0065244e-01   2.8322620e-01
  -6.0065244e-01   1.7990983e-01
  -6.0065244e-01   7.4220111e-02
  -6.0065244e-01  -3.1353208e-02
  -6.0065244e-01  -1.3484886e-01
  -6.0065244e-01  -2.3477713e-01
  -6.0065244e-01  -3.3005968e-01
  -6.0065244e-01  -4.1996707e-01
  -6.0065244e-01  -5.0405748e-01
  -6.0065244e-01  -5.8211971e-01
  -6.0065244e-01  -6.5412237e-01
  -6.0065244e-01  -7.2017011e-01
  -6.0065244e-01  -7.8046685e-01
  -6.0065244e-01  -8.3528574e-01
  -6.0065244e-01  -8.8494491e-01
  -6.0065244e-01  -9.2978854e-01
  -6.0065244e-01  -9.7017214e-01
  -6.0065244e-01  -1.0064516e+00
  -6.0065244e-01  -1.0389748e+00
  -6.0065244e-01  -1.0680766e+00
  -6.0065244e-01  -1.0940742e+00
  -6.0065244e-01  -1.1172653e+00
  -6.0065244e-01  -1.1379265e+00
  -6.0065244e-01  -1.1563133e+00
  -6.0065244e-01  -1.1726599e+00
  -6.0065244e-01  -1.1871800e+00
  -6.0065244e-01  -1.2000679e+00
  -6.0065244e-01  -1.2114993e+00
  -6.0065244e-01  -1.2216327e+00
  -6.0065244e-01  -1.2306108e+00
  -6.0065244e-01  -1.2385616e+00
  -6.0065244e-01  -1.2455999e+00
  -6.0065244e-01  -1.2518280e+00
  -6.0065244e-01  -1.2573375e+00
  -6.0065244e-01  -1.2622099e+00
  -6.0065244e-01  -1.2665178e+00
  -6.0065244e-01  -1.2703258e+00
  -6.0065244e-01  -1.2736912e+00
  -6.0065244e-01  -1.2766650e+00
  -6.0065244e-01  -1.2792924e+00
  -6.0065244e-01  -1.2816133e+00
   2.8468877e-02  -1.2836634e+00
   2.8468877e-02  -1.2854740e+00
   2.8468877e-02  -1.2870729e+00
   2.8468877e-02  -1.2884848e+00
   2.8468877e-02  -1.2897315e+00
   2.8468877e-02  -1.2396746e+00
   2.8468877e-02  -1.1268169e+00
   2.8468877e-02  -9.9207142e-01
   2.8468877e-02  -8.5725362e-01
   2.8468877e-02  -7.3244563e-01
   2.8468877e-02  -6.2133633e-01
   2.8468877e-02  -5.2442896e-01
   2.8468877e-02  -4.4079358e-01
   2.8468877e-02  -3.6896589e-01
   2.8468877e-02  -3.0738136e-01
   2.8468877e-02  -2.5456832e-01
   2.8468877e-02  -2.0922040e-01
   2.8468877e-02  -1.7021182e-01
   2.8468877e-02  -1.3658714e-01
   2.8468877e-02  -1.0754156e-01
   2.8468877e-02  -8.2399162e-02
   2.8468877e-02  -6.0592367e-02
   2.8468877e-02  -4.1643839e-02
   2.8468877e-02  -2.5151157e-02
   2.8468877e-02  -1.0774036e-02
   2.8468877e-02   1.7762024e-03
   2.8468877e-02   1.2745270e-02
   2.8468877e-02   2.2342985e-02
   2.8468877e-02   3.0749073e-02
   2.8468877e-02   3.8117936e-02
   2.8468877e-02   4.4582580e-02
   2.8468877e-02   5.0257869e-02
   2.8468877e-02   5.5243228e-02
   2.8468877e-02   5.9624892e-02
   2.8468877e-02   6.3477805e-02
   2.8468877e-02   6.6867203e-02
   2.8468877e-02   6.9849959e-02
   2.8468877e-02   7.2475724e-02
   2.8468877e-02   7.4787897e-02
   2.8468877e-02   7.6824453e-02
   2.8468877e-02   7.8618653e-02
   2.8468877e-02   8.0199653e-02
   2.8468877e-02   8.1593035e-02
   2.8468877e-02   8.2821255e-02
   2.8468877e-02   8.3904038e-02
   2.8468877e-02   8.4858722e-02
   2.8468877e-02   8.5700552e-02
   2.8468877e-02   8.6442940e-02
   2.8468877e-02   8.7097686e-02
   2.8468877e-02   8.7675179e-02
   1.8482914e-01   8.8184568e-02
   1.8482914e-01   8.8633910e-02
   1.8482914e-01   8.9030303e-02
   1.8482914e-01   8.9380003e-02
   1.8482914e-01   8.9688521e-02
   1.8482914e-01   1.0039644e-01
   1.8482914e-01   1.2427207e-01
   1.8482914e-01   1.5345175e-01
   1.8482914e-01   1.8356754e-01
   1.8482914e-01   2.1238133e-01
   1.8482914e-01   2.3887479e-01
   1.8482914e-01   2.6269581e-01
   1.8482914e-01   2.8383837e-01
   1.8482914e-01   3.0246342e-01
   1.8482914e-01   3.1880155e-01
   1.8482914e-01   3.3310178e-01
   1.8482914e-01   3.4560598e-01
   1.8482914e-01   3.5653722e-01
   1.8482914e-01   3.6609551e-01
   1.8482914e-01   3.7445731e-01
   1.8482914e-01   3.8177693e-01
   1.8482914e-01   3.8818858e-01
   1.8482914e-01   3.9380873e-01
   1.8482914e-01   3.9873837e-01
   1.8482914e-01   4.0306505e-01
   1.8482914e-01   4.0686474e-01
   1.8482914e-01   4.1020338e-01
   1.8482914e-01   4.1313835e-01
   1.8482914e-01   4.1571958e-01
   1.8482914e-01   4.1799058e-01
   1.8482914e-01   4.1998934e-01
   1.8482914e-01   4.2174904e-01
   1.8482914e-01   4.2329870e-01
   1.8482914e-01   4.2466373e-01
   1.8482914e-01   4.2586638e-01
   1.8482914e-01   4.2692618e-01
   1.8482914e-01   4.2786024e-01
   1.8482914e-01   4.2868362e-01
   1.8482914e-01   4.2940952e-01
   1.8482914e-01   4.3004957e-01
   1.8482914e-01   4.3061396e-01
   1.8482914e-01   4.3111170e-01
   1.8482914e-01   4.3155069e-01
   1.8482914e-01   4.3193788e-01
   1.8482914e-01   4.3227942e-01
   1.8482914e-01   4.3258070e-01
   1.8482914e-01   4.3284648e-01
   1.8482914e-01   4.3308096e-01
   1.8482914e-01   4.3328783e-01
   1.8482914e-01   4.3347034e-01
  -9.0709917e-01   4.3363137e-01
  -9.0709917e-01   4.3377345e-01
  -9.0709917e-01   4.3389882e-01
  -9.0709917e-01   4.3400944e-01
  -9.0709917e-01   4.3410705e-01
  -9.0709917e-01   4.1041788e-01
  -9.0709917e-01   3.5295049e-01
  -9.0709917e-01   2.7474772e-01
  -9.0709917e-01   1.8366984e-01
  -9.0709917e-01   8.5137219e-02
  -9.0709917e-01  -1.6845153e-02
  -9.0709917e-01  -1.1925502e-01
  -9.0709917e-01  -2.1983053e-01
  -9.0709917e-01  -3.1692427e-01
  -9.0709917e-01  -4.0938820e-01
  -9.0709917e-01  -4.9647547e-01
  -9.0709917e-01  -5.7775567e-01
  -9.0709917e-01  -6.5304262e-01
  -9.0709917e-01  -7.2233407e-01
  -9.0709917e-01  -7.8576237e-01
  -9.0709917e-01  -8.4355486e-01
  -9.0709917e-01  -8.9600255e-01
  -9.0709917e-01  -9.4343581e-01
  -9.0709917e-01  -9.8620581e-01
  -9.0709917e-01  -1.0246706e+00
  -9.0709917e-01  -1.0591849e+00
  -9.0709917e-01  -1.0900927e+00
  -9.0709917e-01  -1.1177227e+00
  -9.0709917e-01  -1.1423847e+00
  -9.0709917e-01  -1.1643677e+00
  -9.0709917e-01  -1.1839398e+00
  -9.0709917e-01  -1.2013470e+00
  -9.0709917e-01  -1.2168146e+00
  -9.0709917e-01  -1.2305477e+00
  -9.0709917e-01  -1.2427321e+00
  -9.0709917e-01  -1.2535355e+00
  -9.0709917e-01  -1.2631093e+00
  -9.0709917e-01  -1.2715892e+00
  -9.0709917e-01  -1.2790970e+00
  -9.0709917e-01  -1.2857415e+00
  -9.0709917e-01  -1.2916201e+00
  -9.0709917e-01  -1.2968196e+00
  -9.0709917e-01  -1.3014171e+00
  -9.0709917e-01  -1.3054814e+00
  -9.0709917e-01  -1.3090736e+00
  -9.0709917e-01  -1.3122481e+00
  -9.0709917e-01  -1.3150529e+00
  -9.0709917e-01  -1.3175307e+00
  -9.0709917e-01  -1.3197194e+00
  -9.0709917e-01  -1.3216525e+00
   2.1508970e-01  -1.3233597e+00
   2.1508970e-01  -1.3248673e+00
   2.1508970e-01  -1.3261985e+00
   2.1508970e-01  -1.3273738e+00
   2.1508970e-01  -1.3284115e+00
   2.1508970e-01  -1.2499892e+00
   2.1508970e-01  -1.0774731e+00
   2.1508970e-01  -8.7758638e-01
   2.1508970e-01  -6.8420951e-01
   2.1508970e-01  -5.1121142e-01
   2.1508970e-01  -3.6219545e-01
   2.1508970e-01  -2.3616596e-01
   2.1508970e-01  -1.3041981e-01
   2.1508970e-01  -4.1888889e-02
   2.1508970e-01   3.2300441e-02
   2.1508970e-01   9.4637589e-02
   2.1508970e-01   1.4720072e-01
   2.1508970e-01   1.9169382e-01
   2.1508970e-01   2.2950321e-01
   2.1508970e-01   2.6175433e-01
   2.1508970e-01   2.8936206e-01
   2.1508970e-01   3.1307249e-01
   2.1508970e-01   3.3349675e-01
   2.1508970e-01   3.5113792e-01
   2.1508970e-01   3.6641233e-01
   2.1508970e-01   3.7966631e-01
   2.1508970e-01   3.9118944e-01
   2.1508970e-01   4.0122507e-01
   2.1508970e-01   4.0997863e-01
   2.1508970e-01   4.1762428e-01
   2.1508970e-01   4.2431030e-01
   2.1508970e-01   4.3016336e-01
   2.1508970e-01   4.3529206e-01
   2.1508970e-01   4.3978981e-01
   2.1508970e-01   4.4373711e-01
   2.1508970e-01   4.4720360e-01
   2.1508970e-01   4.5024958e-01
   2.1508970e-01   4.5292742e-01
   2.1508970e-01   4.5528268e-01
   2.1508970e-01   4.5735503e-01
   2.1508970e-01   4.5917909e-01
   2.1508970e-01   4.6078509e-01
   2.1508970e-01   4.6219951e-01
   2.1508970e-01   4.6344547e-01
   2.1508970e-01   4.6454329e-01
   2.1508970e-01   4.6551076e-01
   2.1508970e-01   4.6636349e-01
   2.1508970e-01   4.6711521e-01
   2.1508970e-01   4.6777796e-01
   2.1508970e-01   4.6836233e-01
  -6.5895175e-01   4.6887766e-01
  -6.5895175e-01   4.6933213e-01
  -6.5895175e-01   4.6973297e-01
  -6.5895175e-01   4.7008652e-01
  -6.5895175e-01   4.7039839e-01
  -6.5895175e-01   4.4722790e-01
  -6.5895175e-01   3.9064319e-01
  -6.5895175e-01   3.1337128e-01
  -6.5895175e-01   2.2307372e-01
  -6.5895175e-01   1.2506459e-01
  -6.5895175e-01   2.3308886e-02
  -6.5895175e-01  -7.9167173e-02
  -6.5895175e-01  -1.8007137e-01
  -6.5895175e-01  -2.7771257e-01
  -6.5895175e-01  -3.7089453e-01
  -6.5895175e-01  -4.5882352e-01
  -6.5895175e-01  -5.4102672e-01
  -6.5895175e-01  -6.1728161e-01
  -6.5895175e-01  -6.8755611e-01
  -6.5895175e-01  -7.5195900e-01
  -6.5895175e-01  -8.1069970e-01
  -6.5895175e-01  -8.6405622e-01
  -6.5895175e-01  -9.1235005e-01
  -6.5895175e-01  -9.5592678e-01
  -6.5895175e-01  -9.9514153e-01
  -6.5895175e-01  -1.0303481e+00
  -6.5895175e-01  -1.0618913e+00
  -6.5895175e-01  -1.0901013e+00
  -6.5895175e-01  -1.1152904e+00
  -6.5895175e-01  -1.1377510e+00
  -6.5895175e-01  -1.1577540e+00
  -6.5895175e-01  -1.1755491e+00
  -6.5895175e-01  -1.1913651e+00
  -6.5895175e-01  -1.2054104e+00
  -6.5895175e-01  -1.2178739e+00
  -6.5895175e-01  -1.2289266e+00
  -6.5895175e-01  -1.2387226e+00
  -6.5895175e-01  -1.2474004e+00
  -6.5895175e-01  -1.2550842e+00
  -6.5895175e-01  -1.2618853e+00
  -6.5895175e-01  -1.2679028e+00
  -6.5895175e-01  -1.2732255e+00
  -6.5895175e-01  -1.2779324e+00
  -6.5895175e-01  -1.2820936e+00
  -6.5895175e-01  -1.2857717e+00
  -6.5895175e-01  -1.2890221e+00
  -6.5895175e-01  -1.2918941e+00
  -6.5895175e-01  -1.2944314e+00
  -6.5895175e-01  -1.2966728e+00
  -6.5895175e-01  -1.2986524e+00
  -8.6989681e-01  -1.3004008e+00
  -8.6989681e-01  -1.3019447e+00
  -8.6989681e-01  -1.3033080e+00
  -8.6989681e-01  -1.3045117e+00
  -8.6989681e-01  -1.3055745e+00
  -8.6989681e-01  -1.3070523e+00
  -8.6989681e-01  -1.3091231e+00
  -8.6989681e-01  -1.3114170e+00
  -8.6989681e-01  -1.3137254e+00
  -8.6989681e-01  -1.3159358e+00
  -8.6989681e-01  -1.3179921e+00
  -8.6989681e-01  -1.3198713e+00
  -8.6989681e-01  -1.3215692e+00
  -8.6989681e-01  -1.3230918e+00
  -8.6989681e-01  -1.3244503e+00
  -8.6989681e-01  -1.3256585e+00
  -8.6989681e-01  -1.3267303e+00
  -8.6989681e-01  -1.3276797e+00
  -8.6989681e-01  -1.3285198e+00
  -8.6989681e-01  -1.3292626e+00
  -8.6989681e-01  -1.3299190e+00
  -8.6989681e-01  -1.3304988e+00
  -8.6989681e-01  -1.3310108e+00
  -8.6989681e-01  -1.3314630e+00
  -8.6989681e-01  -1.3318622e+00
  -8.6989681e-01  -1.3322145e+00
  -8.6989681e-01  -1.3325256e+00
  -8.6989681e-01  -1.3328001e+00
  -8.6989681e-01  -1.3330425e+00
  -8.6989681e-01  -1.3332564e+00
  -8.6989681e-01  -1.3334451e+00
  -8.6989681e-01  -1.3336117e+00
  -8.6989681e-01  -1.3337588e+00
  -8.6989681e-01  -1.3338886e+00
  -8.6989681e-01  -1.3340031e+00
  -8.6989681e-01  -1.3341042e+00
  -8.6989681e-01  -1.3341934e+00
  -8.6989681e-01  -1.3342721e+00
  -8.6989681e-01  -1.3343416e+00
  -8.6989681e-01  -1.3344029e+00
  -8.6989681e-01  -1.3344570e+00
  -8.6989681e-01  -1.3345048e+00
  -8.6989681e-01  -1.3345469e+00
  -8.6989681e-01  -1.3345841e+00
  -8.6989681e-01  -1.3346169e+00
  -8.6989681e-01  -1.3346459e+00
  -8.6989681e-01  -1.3346715e+00
  -8.6989681e-01  -1.3346940e+00
  -8.6989681e-01  -1.3347139e+00
  -8.6989681e-01  -1.3347315e+00
   8.9777107e-01  -1.3347470e+00
   8.9777107e-01  -1.3347607e+00
   8.9777107e-01  -1.3347728e+00
   8.9777107e-01  -1.3347834e+00
   8.9777107e-01  -1.3347928e+00
   8.9777107e-01  -1.2398725e+00
   8.9777107e-01  -1.0347198e+00
   8.9777107e-01  -8.0123295e-01
   8.9777107e-01  -5.7972280e-01
   8.9777107e-01  -3.8542618e-01
   8.9777107e-01  -2.2120395e-01
   8.9777107e-01  -8.4743788e-02
   8.9777107e-01   2.7920528e-02
   8.9777107e-01   1.2087693e-01
   8.9777107e-01   1.9776213e-01
   8.9777107e-01   2.6161473e-01
   8.9777107e-01   3.1489988e-01
   8.9777107e-01   3.5959099e-01
   8.9777107e-01   3.9726045e-01
   8.9777107e-01   4.2916148e-01
   8.9777107e-01   4.5629613e-01
   8.9777107e-01   4.7946951e-01
   8.9777107e-01   4.9933221e-01
   8.9777107e-01   5.1641326e-01
   8.9777107e-01   5.3114552e-01
   8.9777107e-01   5.4388545e-01
   8.9777107e-01   5.5492830e-01
   8.9777107e-01   5.6452007e-01
   8.9777107e-01   5.7286684e-01
   8.9777107e-01   5.8014209e-01
   8.9777107e-01   5.8649256e-01
   8.9777107e-01   5.9204290e-01
   8.9777107e-01   5.9689943e-01
   8.9777107e-01   6.0115313e-01
   8.9777107e-01   6.0488211e-01
   8.9777107e-01   6.0815367e-01
   8.9777107e-01   6.1102588e-01
   8.9777107e-01   6.1354903e-01
   8.9777107e-01   6.1576674e-01
   8.9777107e-01   6.1771689e-01
   8.9777107e-01   6.1943250e-01
   8.9777107e-01   6.2094233e-01
   8.9777107e-01   6.2227149e-01
   8.9777107e-01   6.2344194e-01
   8.9777107e-01   6.2447289e-01
   8.9777107e-01   6.2538117e-01
   8.9777107e-01   6.2618154e-01
   8.9777107e-01   6.2688694e-01
   8.9777107e-01   6.2750874e-01
   8.9777107e-01   6.2805691e-01
   9.3126407e-01   6.2854024e-01
   9.3126407e-01   6.2896643e-01
   9.3126407e-01   6.2934229e-01
   9.3126407e-01   6.2967377e-01
   9.3126407e-01   6.2996615e-01
   9.3126407e-01   6.3022980e-01
   9.3126407e-01   6.3047053e-01
   9.3126407e-01   6.3068784e-01
   9.3126407e-01   6.3088255e-01
   9.3126407e-01   6.3105614e-01
   9.3126407e-01   6.3121040e-01
   9.3126407e-01   6.3134716e-01
   9.3126407e-01   6.3146823e-01
   9.3126407e-01   6.3157530e-01
   9.3126407e-01   6.3166992e-01
   9.3126407e-01   6.3175351e-01
   9.3126407e-01   6.3182731e-01
   9.3126407e-01   6.3189247e-01
   9.3126407e-01   6.3194999e-01
   9.3126407e-01   6.3200075e-01
   9.3126407e-01   6.3204556e-01
   9.3126407e-01   6.3208510e-01
   9.3126407e-01   6.3211999e-01
   9.3126407e-01   6.3215079e-01
   9.3126407e-01   6.3217796e-01
   9.3126407e-01   6.3220195e-01
   9.3126407e-01   6.3222311e-01
   9.3126407e-01   6.3224179e-01
   9.3126407e-01   6.3225827e-01
   9.3126407e-01   6.3227281e-01
   9.3126407e-01   6.3228565e-01
   9.3126407e-01   6.3229698e-01
   9.3126407e-01   6.3230697e-01
   9.3126407e-01   6.3231580e-01
   9.3126407e-01   6.3232358e-01
   9.3126407e-01   6.3233045e-01
   9.3126407e-01   6.3233651e-01
   9.3126407e-01   6.3234186e-01
   9.3126407e-01   6.3234659e-01
   9.3126407e-01   6.3235075e-01
   9.3126407e-01   6.3235443e-01
   9.3126407e-01   6.3235767e-01
   9.3126407e-01   6.3236054e-01
   9.3126407e-01   6.3236307e-01
   9.3126407e-01   6.3236530e-01
   9.3126407e-01   6.3236726e-01
   9.3126407e-01   6.3236900e-01
   9.3126407e-01   6.3237053e-01
   9.3126407e-01   6.3237189e-01
   9.3126407e-01   6.3237308e-01
   6.1679470e-01   6.3237413e-01
   6.1679470e-01   6.3237506e-01
   6.1679470e-01   6.3237588e-01
   6.1679470e-01   6.3237661e-01
   6.1679470e-01   6.3237725e-01
   6.1679470e-01   6.3218718e-01
   6.1679470e-01   6.3174876e-01
   6.1679470e-01   6.3119726e-01
   6.1679470e-01   6.3061034e-01
   6.1679470e-01   6.3003131e-01
   6.1679470e-01   6.2948304e-01
   6.1679470e-01   6.2897643e-01
   6.1679470e-01   6.2851542e-01
   6.1679470e-01   6.2810005e-01
   6.1679470e-01   6.2772823e-01
   6.1679470e-01   6.2739688e-01
   6.1679470e-01   6.2710246e-01
   6.1679470e-01   6.2684139e-01
   6.1679470e-01   6.2661022e-01
   6.1679470e-01   6.2640573e-01
   6.1679470e-01   6.2622496e-01
   6.1679470e-01   6.2606522e-01
   6.1679470e-01   6.2592413e-01
   6.1679470e-01   6.2579953e-01
   6.1679470e-01   6.2568952e-01
   6.1679470e-01   6.2559239e-01
   6.1679470e-01   6.2550665e-01
   6.1679470e-01   6.2543097e-01
   6.1679470e-01   6.2536416e-01
   6.1679470e-01   6.2530520e-01
   6.1679470e-01   6.2525316e-01
   6.1679470e-01   6.2520723e-01
   6.1679470e-01   6.2516669e-01
   6.1679470e-01   6.2513091e-01
   6.1679470e-01   6.2509934e-01
   6.1679470e-01   6.2507147e-01
   6.1679470e-01   6.2504687e-01
   6.1679470e-01   6.2502517e-01
   6.1679470e-01   6.2500601e-01
   6.1679470e-01   6.2498911e-01
   6.1679470e-01   6.2497419e-01
   6.1679470e-01   6.2496102e-01
   6.1679470e-01   6.2494940e-01
   6.1679470e-01   6.2493915e-01
   6.1679470e-01   6.2493010e-01
   6.1679470e-01   6.2492211e-01
   6.1679470e-01   6.2491506e-01
   6.1679470e-01   6.2490884e-01
   6.1679470e-01   6.2490335e-01
   6.1679470e-01   6.2489851e-01
  -3.9077246e-01   6.2489423e-01
  -3.9077246e-01   6.2489046e-01
  -3.9077246e-01   6.2488713e-01
  -3.9077246e-01   6.2488419e-01
  -3.9077246e-01   6.2488160e-01
  -3.9077246e-01   6.0382085e-01
  -3.9077246e-01   5.5238501e-01
  -3.9077246e-01   4.8142484e-01
  -3.9077246e-01   3.9744947e-01
  -3.9077246e-01   3.0509667e-01
  -3.9077246e-01   2.0798078e-01
  -3.9077246e-01   1.0899872e-01
  -3.9077246e-01   1.0457080e-02
  -3.9077246e-01  -8.5852942e-02
  -3.9077246e-01  -1.7859105e-01
  -3.9077246e-01  -2.6680383e-01
  -3.9077246e-01  -3.4986134e-01
  -3.9077246e-01  -4.2739694e-01
  -3.9077246e-01  -4.9925276e-01
  -3.9077246e-01  -5.6543182e-01
  -3.9077246e-01  -6.2605747e-01
  -3.9077246e-01  -6.8133972e-01
  -3.9077246e-01  -7.3154792e-01
  -3.9077246e-01  -7.7698903e-01
  -3.9077246e-01  -8.1799069e-01
  -3.9077246e-01  -8.5488827e-01
  -3.9077246e-01  -8.8801521e-01
  -3.9077246e-01  -9.1769603e-01
  -3.9077246e-01  -9.4424145e-01
  -3.9077246e-01  -9.6794515e-01
  -3.9077246e-01  -9.8908192e-01
  -3.9077246e-01  -1.0079066e+00
  -3.9077246e-01  -1.0246541e+00
  -3.9077246e-01  -1.0395395e+00
  -3.9077246e-01  -1.0527585e+00
  -3.9077246e-01  -1.0644893e+00
  -3.9077246e-01  -1.0748924e+00
  -3.9077246e-01  -1.0841128e+00
  -3.9077246e-01  -1.0922809e+00
  -3.9077246e-01  -1.0995135e+00
  -3.9077246e-01  -1.1059153e+00
  -3.9077246e-01  -1.1115796e+00
  -3.9077246e-01  -1.1165900e+00
  -3.9077246e-01  -1.1210206e+00
  -3.9077246e-01  -1.1249377e+00
  -3.9077246e-01  -1.1284000e+00
  -3.9077246e-01  -1.1314598e+00
  -3.9077246e-01  -1.1341634e+00
  -3.9077246e-01  -1.1365519e+00
  -3.9077246e-01  -1.1386618e+00
  -8.0465577e-01  -1.1405254e+00
  -8.0465577e-01  -1.1421712e+00
  -8.0465577e-01  -1.1436246e+00
  -8.0465577e-01  -1.1449080e+00
  -8.0465577e-01  -1.1460412e+00
  -8.0465577e-01  -1.1513809e+00
  -8.0465577e-01  -1.1622853e+00
  -8.0465577e-01  -1.1757233e+00
  -8.0465577e-01  -1.1899485e+00
  -8.0465577e-01  -1.2039781e+00
  -8.0465577e-01  -1.2172847e+00
  -8.0465577e-01  -1.2296115e+00
  -8.0465577e-01  -1.2408605e+00
  -8.0465577e-01  -1.2510249e+00
  -8.0465577e-01  -1.2601482e+00
  -8.0465577e-01  -1.2682996e+00
  -8.0465577e-01  -1.2755594e+00
  -8.0465577e-01  -1.2820104e+00
  -8.0465577e-01  -1.2877335e+00
  -8.0465577e-01  -1.2928050e+00
  -8.0465577e-01  -1.2972951e+00
  -8.0465577e-01  -1.3012680e+00
  -8.0465577e-01  -1.3047815e+00
  -8.0465577e-01  -1.3078876e+00
  -8.0465577e-01  -1.3106327e+00
  -8.0465577e-01  -1.3130583e+00
  -8.0465577e-01  -1.3152011e+00
  -8.0465577e-01  -1.3170939e+00
  -8.0465577e-01  -1.3187655e+00
  -8.0465577e-01  -1.3202417e+00
  -8.0465577e-01  -1.3215452e+00
  -8.0465577e-01  -1.3226962e+00
  -8.0465577e-01  -1.3237123e+00
  -8.0465577e-01  -1.3246094e+00
  -8.0465577e-01  -1.3254014e+00
  -8.0465577e-01  -1.3261005e+00
  -8.0465577e-01  -1.3267176e+00
  -8.0465577e-01  -1.3272624e+00
  -8.0465577e-01  -1.3277432e+00
  -8.0465577e-01  -1.3281676e+00
  -8.0465577e-01  -1.3285422e+00
  -8.0465577e-01  -1.3288729e+00
  -8.0465577e-01  -1.3291647e+00
  -8.0465577e-01  -1.3294223e+00
  -8.0465577e-01  -1.3296496e+00
  -8.0465577e-01  -1.3298502e+00
  -8.0465577e-01  -1.3300273e+00
  -8.0465577e-01  -1.3301835e+00
  -8.0465577e-01  -1.3303215e+00
  -8.0465577e-01  -1.3304432e+00
   3.6846605e-01  -1.3305506e+00
   3.6846605e-01  -1.3306454e+00
   3.6846605e-01  -1.3307291e+00
   3.6846605e-01  -1.3308029e+00
   3.6846605e-01  -1.3308681e+00
   3.6846605e-01  -1.2416549e+00
   3.6846605e-01  -1.0480535e+00
   3.6846605e-01  -8.2640373e-01
   3.6846605e-01  -6.1469449e-01
   3.6846605e-01  -4.2770448e-01
   3.6846605e-01  -2.6859763e-01
   3.6846605e-01  -1.3555924e-01
   3.6846605e-01  -2.5089196e-02
   3.6846605e-01   6.6530272e-02
   3.6846605e-01   1.4266285e-01
   3.6846605e-01   2.0615335e-01
   3.6846605e-01   2.5933223e-01
   3.6846605e-01   3.0408046e-01
   3.6846605e-01   3.4190756e-01
   3.6846605e-01   3.7402436e-01
   3.6846605e-01   4.0140455e-01
   3.6846605e-01   4.2483449e-01
   3.6846605e-01   4.4495265e-01
   3.6846605e-01   4.6228041e-01
   3.6846605e-01   4.7724609e-01
   3.6846605e-01   4.9020361e-01
   3.6846605e-01   5.0144715e-01
   3.6846605e-01   5.1122249e-01
   3.6846605e-01   5.1973612e-01
   3.6846605e-01   5.2716229e-01
   3.6846605e-01   5.3364873e-01
   3.6846605e-01   5.3932117e-01
   3.6846605e-01   5.4428705e-01
   3.6846605e-01   5.4863847e-01
   3.6846605e-01   5.5245463e-01
   3.6846605e-01   5.5580384e-01
   3.6846605e-01   5.5874513e-01
   3.6846605e-01   5.6132966e-01
   3.6846605e-01   5.6360187e-01
   3.6846605e-01   5.6560037e-01
   3.6846605e-01   5.6735884e-01
   3.6846605e-01   5.6890664e-01
   3.6846605e-01   5.7026942e-01
   3.6846605e-01   5.7146964e-01
   3.6846605e-01   5.7252693e-01
   3.6846605e-01   5.7345851e-01
   3.6846605e-01   5.7427948e-01
   3.6846605e-01   5.7500309e-01
   3.6846605e-01   5.7564099e-01
   3.6846605e-01   5.7620339e-01
